# input file for alanine 2D (d4-d13)

# optimization
userfn       userfn_2D.py
bounds       -50 310; -50 310
num_tasks    2
kernel       stdp
initpts      2 30
iterpts      50
verbosity    2
kappa_prior  gamma
kappa_priorparam 2 0.014
thetaprior gamma
thetapriorparam 2 0.019; 3.3678 9.0204; 3.3678 9.0204

RESULTS:
7.780971113421199E+01 2.289605298368855E+02 0 -2.029987569389633E+05 
4.304908562047113E+01 2.800120243049593E+02 0 -2.029897743342632E+05 
1.903874344005063E+02 1.989531337429033E+02 1 2.387750000000000E+01 
2.202951956419090E+02 2.192102005715672E+02 1 3.095250000000000E+01 
5.741701618308310E+01 1.795593219004623E+02 1 1.749290000000000E+01 
2.686371312649504E+02 1.141755406093036E+02 1 3.523220000000000E+01 
-1.675027426195311E+01 5.023251926342562E+01 1 3.656310000000000E+01 
5.964863579001960E+01 1.728344066604136E+02 1 1.769080000000000E+01 
1.575765485777356E+01 7.384361967804293E+01 1 3.487190000000000E+01 
-1.367830998462956E+01 2.215268827302882E+02 1 2.565140000000000E+01 
-9.741131247373168E+00 2.645461604782208E+02 1 3.306190000000000E+01 
2.216464332142045E+02 3.648834309228397E+01 1 2.577530000000000E+01 
9.613132628983014E+01 7.754323175747606E+01 1 3.455940000000000E+01 
4.063480400519816E+01 4.702418509481857E+01 1 3.018460000000000E+01 
-3.769440269127409E+01 -1.095858031355921E+01 1 2.397960000000000E+01 
1.783698210948857E+02 5.380937899145418E+01 1 2.642730000000000E+01 
1.222751587794796E+02 3.008320590720907E+02 1 3.616050000000000E+01 
8.527343502388125E+01 1.894647692347940E+02 1 1.883870000000000E+01 
2.867146843954844E+02 2.374853581774001E+02 1 2.985670000000000E+01 
1.630874054133698E+02 2.896364617798967E+02 1 3.592550000000000E+01 
3.826133504210929E+01 3.100000000000000E+02 1 3.226670000000000E+01 
-2.705817500735226E+01 2.898255692776656E+02 1 3.123580000000000E+01 
1.902667572329264E+02 2.274556470343014E+02 1 2.958730000000000E+01 
6.332077525402356E+01 3.155931208312580E+01 1 2.858890000000000E+01 
1.992026792197794E+02 8.507567427879664E+00 1 1.838040000000000E+01 
1.028256240823759E+02 3.965227049781900E+01 1 3.402810000000000E+01 
1.869705512318441E+02 -6.952142207557928E+00 1 2.002190000000000E+01 
1.939645517938607E+02 6.509921585636723E+00 1 1.828110000000000E+01 
1.904756965853530E+02 9.073157295292102E+00 1 1.830160000000000E+01 
5.946125463372807E+01 1.851838384132380E+02 1 1.758130000000000E+01 
6.513465648175118E+01 6.198785722301624E+01 1 3.242750000000000E+01 
2.726735694831085E+02 2.758788244849761E+02 1 3.422140000000000E+01 
