# input file for alanine 2D (d4-d13)

# optimization
userfn       userfn_2D.py
bounds       -50 310; -50 310
num_tasks    2
kernel       stdp
initpts      2 30
iterpts      50
verbosity    2
thetaprior gamma
thetapriorparam 2 0.019; 3.3678 9.0204; 3.3678 9.0204


RESULTS:
-1.144858214565235E+01 5.867424377887070E+01 0 -2.029905165902760E+05 
6.056903656419623E+01 1.798589170210344E+02 0 -2.030096520968367E+05 
-1.446483684239734E+01 3.100000000000000E+02 1 3.080740000000000E+01 
2.747587735160626E+01 1.562624088945963E+01 1 2.870880000000000E+01 
8.169396649771791E+01 2.849271906179886E+02 1 3.272960000000000E+01 
4.978205140777597E+01 1.137925281536834E+02 1 2.897990000000000E+01 
9.996355246945070E+01 7.347332421749428E+01 1 3.467780000000000E+01 
2.277024027740269E+02 1.462497841374205E+02 1 3.014210000000000E+01 
6.031265062752222E+01 1.803180582813742E+02 1 1.748220000000000E+01 
2.975944072368903E+01 -3.227647147505589E+01 1 3.201370000000000E+01 
2.921593547765823E+02 2.216137947226141E+02 1 2.629520000000000E+01 
1.326769487117373E+02 2.960593454262192E+02 1 3.687340000000000E+01 
-2.260211000680513E+01 2.716566132957055E+02 1 3.247790000000000E+01 
4.178729898859235E+01 2.976766415961168E+02 1 3.279310000000000E+01 
7.809957111474907E+01 9.387731642994353E+01 1 3.263750000000000E+01 
2.919794250417030E+02 1.157267436576196E+02 1 3.282500000000000E+01 
2.574621556854331E+02 1.280271346636079E+02 1 3.363740000000000E+01 
1.360130072864166E+01 6.991188185349606E+01 1 3.496640000000000E+01 
2.047540913649483E+02 -6.225216776585908E+00 1 1.947230000000000E+01 
-2.726145354462992E+01 9.449157009171400E+01 1 3.593650000000000E+01 
-2.845825278874284E+01 2.407913934420404E+02 1 2.899500000000000E+01 
2.310591303265941E+00 2.844580789030838E+02 1 3.431840000000000E+01 
-1.594510294633139E+01 1.286417482344732E+02 1 2.931060000000000E+01 
1.216461445223961E+02 9.779990747494458E+01 1 3.310320000000000E+01 
1.855145482388222E+02 2.668477599190431E+02 1 3.568730000000000E+01 
1.857001092187174E+02 2.106539090837375E+02 1 2.547910000000000E+01 
1.447289813881721E+02 1.278425542216132E+02 1 2.757070000000000E+01 
2.294387573551639E+02 -4.231037551239422E+01 1 2.940560000000000E+01 
2.575018250614841E+02 -1.285615633717814E+01 1 2.020530000000000E+01 
6.277867035725995E+01 1.695653739404619E+02 1 1.793430000000000E+01 
2.904688408273440E+02 7.860840529739279E+01 1 3.601750000000000E+01 
5.852717178380600E+01 1.790206245193785E+02 1 1.748930000000000E+01 
