# input file for alanine 2D (d4-d13)

# optimization
userfn       userfn_2D.py
bounds       -50 310; -50 310
num_tasks    2
kernel       stdp
initpts      2 30
iterpts      50
verbosity    2
kappa_prior  gamma
kappa_priorparam 1 71.428
W_prior      gaussian
W_priorparam 0 8.451
thetaprior gamma
thetapriorparam 2 0.019; 3.3678 9.0204; 3.3678 9.0204

RESULTS:
2.916595662157340E+02 1.296976393085589E+02 0 -2.029976874018150E+05 
1.528200587351299E+02 1.020320925996086E+02 0 -2.029920041167894E+05 
2.709842802209428E+02 4.329798126088392E+01 1 2.966430000000000E+01 
1.529594907030896E+02 1.404088798100763E+02 1 2.488630000000000E+01 
3.054002961500508E+02 5.067591152957162E+01 1 3.331780000000000E+01 
4.102046402385768E+01 2.318499499067069E+02 1 2.618490000000000E+01 
1.643477653088297E+02 6.079039322830491E+01 1 2.817190000000000E+01 
9.376090236793816E+01 -4.715731205933763E+01 1 3.154670000000000E+01 
9.424095692604126E+01 9.356177360138414E+00 1 3.217300000000000E+01 
2.729116159936298E+02 2.122613683878983E+02 1 2.706060000000000E+01 
6.530869836966590E+00 4.577868212030218E+00 1 3.426160000000000E+01 
1.284496188800216E+02 2.406784181661913E+02 1 3.148240000000000E+01 
1.868463362445262E+02 7.876450347972036E+01 1 3.152360000000000E+01 
2.941511472781592E+02 1.165250156217394E+02 1 3.252750000000000E+01 
2.156046722964890E+02 8.345402010747522E+01 1 3.577260000000000E+01 
-2.781130408832510E+01 9.069413004998084E+01 1 3.632890000000000E+01 
1.208144936156239E+02 1.666955590345981E+02 1 2.111630000000000E+01 
1.532915851487168E+02 -1.987975229077863E+01 1 3.023540000000000E+01 
4.339468427273432E+01 1.944496588488287E+01 1 2.628680000000000E+01 
2.434598526571897E+02 2.356037093010189E+01 1 2.357470000000000E+01 
2.949193811936509E+02 8.796730451429255E-01 1 1.961310000000000E+01 
1.711969305259957E+01 1.177199755096157E+02 1 3.034030000000000E+01 
-3.000172030424521E+01 2.514462238386220E+02 1 3.056680000000000E+01 
9.151630851942323E+01 9.017860279534264E+01 1 3.370510000000000E+01 
1.186905362513393E+02 2.864975863654203E+02 1 3.631750000000000E+01 
2.024261181439446E+02 2.291524378318491E+02 1 3.122420000000000E+01 
2.802126130254703E+02 7.445176324234505E+01 1 3.603540000000000E+01 
1.439194933123787E+02 2.620925102707736E+02 1 3.550290000000000E+01 
3.002133032264835E+01 -1.647617828095172E+01 1 3.058400000000000E+01 
1.754990374510088E+01 4.136345713507081E+01 1 3.209400000000000E+01 
7.515336745754045E+01 2.404553805981226E+02 1 2.784350000000000E+01 
5.838055979528117E+01 9.473316685950968E+01 1 3.180980000000000E+01 
