# input file for alanine 2D (d4-d13)

# optimization
userfn       userfn_2D.py
bounds       -50 310; -50 310
num_tasks    2
kernel       stdp
initpts      2 30
iterpts      50
verbosity    2
kappa_prior  gamma
kappa_priorparam 1 71.428
W_prior      gaussian
W_priorparam 0 8.451
thetaprior gamma
thetapriorparam 2 0.019; 3.3678 9.0204; 3.3678 9.0204

RESULTS:
2.776960284637638E+02 2.233649220592588E+02 0 -2.029992790569300E+05 
1.934379163226839E+02 1.667174337087319E+02 0 -2.030067791742912E+05 
5.481751345183810E+01 1.801684510011190E+02 1 1.752570000000000E+01 
2.388782833350248E+02 -4.124227482781557E+00 1 2.018710000000000E+01 
-9.143093357332647E+00 1.426485136838135E+02 1 2.584360000000000E+01 
2.666641781631707E+01 1.149195362625052E+02 1 3.014350000000000E+01 
-3.195781202922138E+00 -1.918048832289563E+01 1 3.293880000000000E+01 
2.773381610625618E+02 -8.408217028840284E+00 1 1.854590000000000E+01 
2.442445879204729E+02 2.167247580566002E+02 1 3.099770000000000E+01 
2.751295944186955E+02 5.741614554725416E+01 1 3.339420000000000E+01 
1.866294496501825E+02 1.684692635640813E+01 1 1.876990000000000E+01 
2.539925847460637E+02 2.813952874726695E+02 1 3.625550000000000E+01 
2.214514047346547E+02 -5.000000000000000E+01 1 3.171410000000000E+01 
2.317982582992893E+02 1.800548491112042E+02 1 2.681650000000000E+01 
2.569165601991876E+01 2.685868301997235E+02 1 3.354660000000000E+01 
2.984769131471498E+02 8.475513442571787E+01 1 3.600920000000000E+01 
2.890041375912863E+02 1.498948877415883E+02 1 2.555100000000000E+01 
5.997690180772280E+01 1.789554534550381E+02 1 1.748720000000000E+01 
1.688798468690055E+02 1.926747134686595E+02 1 2.156980000000000E+01 
6.924673540692633E+01 1.651874069449061E+02 1 1.850360000000000E+01 
7.177586526942986E+01 6.036435981003504E+01 1 3.284640000000000E+01 
9.207361672214576E+01 2.665434403669811E+02 1 3.311040000000000E+01 
2.857453356540200E+02 -1.161349325982581E+01 1 1.852050000000000E+01 
1.918685356297900E+02 -4.784512182140676E+01 1 3.081590000000000E+01 
2.170166686537040E+02 -5.979406099564285E+00 1 1.986400000000000E+01 
2.627539393412478E+02 1.758039807415332E+02 1 2.544800000000000E+01 
1.135889334542836E+02 2.501957974877852E+02 1 3.274220000000000E+01 
4.681919345025268E+01 1.893178768271864E+02 1 1.810480000000000E+01 
3.097341488660368E+02 2.752497726838276E+02 1 3.102660000000000E+01 
2.425783906958020E+02 5.347334168520495E+01 1 3.259040000000000E+01 
1.315793217588779E+02 -3.017677754153918E+01 1 3.529300000000000E+01 
1.079454391165781E+02 -3.436476075633797E+00 1 3.404190000000000E+01 
