# input file for alanine 4D (d4 d7 d11 d13)

# optimization
userfn       userfn_4D.py
bounds       -50 310; -50 70; -50 310; -50 310
kernel       stdp
data_sources 2
initpts 2 25
iterpts      100
verbosity    2


RESULTS:
-5.000000000000000E+01 -5.000000000000000E+01 -5.000000000000000E+01 -5.000000000000000E+01 0 -8.802466732826000E+03
1.300000000000000E+02 1.000000000000000E+01 1.300000000000000E+02 1.300000000000000E+02 0 -8.802391830756000E+03
-5.000000000000000E+01 -5.000000000000000E+01 -5.000000000000000E+01 -5.000000000000000E+01 1 3.416900000000000E+01
1.300000000000000E+02 1.000000000000000E+01 1.300000000000000E+02 1.300000000000000E+02 1 3.298980000000000E+01
1.152237774362999E+02 -8.075397064753197E+00 1.068786670995425E+02 6.459833416252263E+01 1 3.708780000000000E+01
2.046501741970990E+02 -5.000000000000000E+01 3.060013514124721E+02 -4.696017030291152E+01 1 3.848720000000000E+01
1.431818287410507E+02 2.229859981493482E+01 1.597415547373020E+02 1.660134049123336E+02 1 2.306750000000000E+01
1.571555924455431E+02 3.123691348190419E+01 1.831599628106842E+02 1.937954143916675E+02 1 2.010210000000000E+01
1.014658984036153E+02 3.187498759361008E+01 1.922383293656228E+02 1.900342764048800E+02 1 2.110470000000000E+01
1.508015021640620E+02 2.495778529171410E+01 2.307854733536757E+02 1.623363959191850E+02 1 2.280430000000000E+01
1.441137002751831E+02 4.625824472314127E+01 1.854443591711553E+02 1.453371457662488E+02 1 2.380000000000000E+01
2.658383131879641E+02 2.958531656814240E+01 1.877344168056250E+02 1.750640390015171E+02 1 2.401710000000000E+01
1.222908265030301E+02 4.128077260582264E+01 1.206610509602910E+02 2.234942919391719E+02 1 2.867040000000000E+01
1.415142099743243E+02 1.102869858535136E+01 2.021628161152404E+02 2.364675864206717E+02 1 3.025030000000000E+01
2.335154635033592E+01 3.283423050321623E+01 2.138995203434760E+02 1.196828822726591E+02 1 2.945300000000000E+01
1.347233759212218E+02 3.671599239158770E+01 -5.000000000000000E+01 1.854339141805361E+02 1 2.593990000000000E+01
2.062293307911801E+02 4.748771279672140E+01 2.318499688018543E+02 1.974982803810385E+02 1 2.401960000000000E+01
1.176761739158591E+02 -4.579618052303527E+01 2.022339342411894E+02 1.858302226903813E+02 1 1.985140000000000E+01
2.141493882888080E+02 -3.747590192781870E+01 1.715080555442480E+02 1.807634648092472E+02 1 2.219070000000000E+01
-3.985000164197079E-01 -3.279134016406109E+01 2.157429326238582E+02 1.854067465781305E+02 1 2.112860000000000E+01
1.548451485023932E+02 -2.826148541471718E+01 2.592873884967121E+02 1.652412714921717E+02 1 2.372140000000000E+01
1.964139959014940E+01 -4.720175525028878E+01 1.349747534037254E+02 1.770241803090458E+02 1 1.968520000000000E+01
9.934136787536568E+00 -3.734860406509040E+01 2.091743158147031E+01 1.821623476242699E+02 1 2.144780000000000E+01
-2.859213141760499E+01 -2.466497157895155E+01 1.023134753799042E+02 2.166102481293182E+02 1 2.540140000000000E+01
2.921552115770058E+02 6.932552040463956E+01 4.991816676283308E+01 1.390532563632468E+02 1 2.780740000000000E+01
1.047673555179408E+02 -3.103495339224148E+01 8.561175713928243E+01 1.802556371607402E+02 1 2.129160000000000E+01
-2.198177659400711E+01 2.841341270653938E+01 1.695849339814268E+02 1.227376808634726E-02 1 3.251600000000000E+01
