# input file for alanine 2D (d4-d13)

# optimization
userfn       userfn_2D.py
bounds       -50 310; -50 310
num_tasks    2
kernel       stdp
initpts      2 30
iterpts      50
verbosity    2
kappa_prior  gamma
kappa_priorparam 2 0.014


RESULTS:
-3.514986549901367E+01 1.607174134745605E+02 0 -2.030064881891173E+05 
3.033096205821373E+02 1.775075026436634E+02 0 -2.030085727949922E+05 
1.289775433238198E+02 1.915735521898037E+02 1 2.138020000000000E+01 
1.594346846464380E+02 3.028913830769435E+02 1 3.512010000000000E+01 
4.454060627663020E+00 2.298055643448217E+02 1 2.755920000000000E+01 
1.763944177587451E+02 -2.677317545254828E+01 1 2.650340000000000E+01 
1.818129620628260E+02 1.573229450214709E+02 1 2.292410000000000E+01 
7.987150781993851E+01 1.963205021313805E+02 1 1.914760000000000E+01 
6.655846169187983E+01 2.792070191722425E+02 1 3.220160000000000E+01 
1.742284518344812E+02 1.135039402232280E+02 1 2.995420000000000E+01 
2.838725481677283E+02 -1.839291240705798E+00 1 1.862600000000000E+01 
6.924673540692633E+01 1.651874069449061E+02 1 1.850360000000000E+01 
6.259024561845862E+01 2.433155870185538E+02 1 2.808300000000000E+01 
7.572180697449951E+01 -2.847248676173652E+01 1 2.717080000000000E+01 
1.587272784870032E+02 2.303669957990474E+02 1 2.900070000000000E+01 
1.096676644299890E+02 1.120135151366870E+02 1 3.122050000000000E+01 
5.997690180772280E+01 1.789554534550381E+02 1 1.748720000000000E+01 
-3.546290073833563E+01 1.123918807448956E+02 1 3.289660000000000E+01 
3.097341488660368E+02 2.752497726838276E+02 1 3.102660000000000E+01 
2.740640159534063E+02 2.554810946307022E+02 1 3.392230000000000E+01 
1.866294496501825E+02 1.684692635640813E+01 1 1.876990000000000E+01 
7.177586526942986E+01 6.036435981003504E+01 1 3.284640000000000E+01 
1.315139112711730E-01 3.638772524279515E+01 1 3.470790000000000E+01 
2.666641781631707E+01 1.149195362625052E+02 1 3.014350000000000E+01 
2.189867774867942E+02 2.191177658259646E+02 1 3.082080000000000E+01 
2.941489005399637E+02 2.102205407397902E+02 1 2.403480000000000E+01 
-4.639136530900508E+01 1.775869411052382E+02 1 2.048390000000000E+01 
1.239428610792273E+02 2.883607458906221E+02 1 3.667360000000000E+01 
2.650417215105522E+00 -5.000000000000000E+01 1 3.326960000000000E+01 
2.227208474554112E+02 1.774010735378608E+01 1 2.106880000000000E+01 
1.024931291465706E+02 8.124806631282414E+01 1 3.453640000000000E+01 
2.857453356540200E+02 -1.161349325982581E+01 1 1.852050000000000E+01 
