# input file for alanine 2D (d4-d13)

# optimization
userfn       userfn_2D.py
bounds       -50 310; -50 310
num_tasks    2
kernel       stdp
initpts      2 30
iterpts      50
verbosity    2



RESULTS:
2.402141422329532E+02 5.277869782263251E+01 0 -2.029964719994140E+05 
2.385086702741734E+01 2.321700462779501E+02 0 -2.029974783930076E+05 
4.268477239925189E+01 1.585845895949206E+02 1 1.971440000000000E+01 
5.870406183656874E+01 8.179022322076321E+01 1 3.264320000000000E+01 
1.178829929871269E+02 1.397128915621133E+00 1 3.486660000000000E+01 
1.381530077691099E+02 -3.800481738415608E+01 1 3.539610000000000E+01 
6.109549468407945E+01 1.774264076147598E+02 1 1.751380000000000E+01 
2.046741722507650E+02 2.732678327595597E+02 1 3.697490000000000E+01 
7.875494476571232E+01 2.975938587653302E+02 1 3.172220000000000E+01 
-2.994573310789564E+01 2.397044364442845E+02 1 2.874460000000000E+01 
9.835617985426326E+01 1.805660480745126E+02 1 1.942850000000000E+01 
4.719398261898930E+01 1.131212335923429E+02 1 2.919540000000000E+01 
3.033945024618388E+02 1.337380511830516E+02 1 2.816460000000000E+01 
2.421534465069330E+02 2.633352269557053E+02 1 3.805900000000000E+01 
2.542822192168254E+02 -1.084318666086506E+01 1 2.018350000000000E+01 
1.406925824606882E+02 1.317925859976203E+02 1 2.689540000000000E+01 
-4.608628308701964E+01 2.024390337825985E+02 1 2.177660000000000E+01 
2.032199641082011E+02 1.717615580904043E+02 1 2.407870000000000E+01 
2.145277872000365E+02 9.290392805891857E+01 1 3.603940000000000E+01 
2.177004294411811E+02 2.364816700954831E+02 1 3.429820000000000E+01 
2.265943403671177E+02 1.970175884776532E+02 1 2.760700000000000E+01 
6.154709439419600E+01 1.807667659844327E+02 1 1.748860000000000E+01 
1.464886137354169E+01 2.605376387459078E+01 1 3.174230000000000E+01 
2.379978045727341E+02 4.614280105360753E+01 1 3.019970000000000E+01 
1.961308355994721E+02 4.834081954726156E+00 1 1.832710000000000E+01 
2.876287236742925E+02 -2.651893039680398E-01 1 1.889350000000000E+01 
3.059785896781311E+02 -4.339099429078222E+01 1 2.419530000000000E+01 
8.214645021361049E+01 1.085366450090840E+02 1 3.071320000000000E+01 
2.066449476070655E+02 8.619788365521281E+00 1 1.874090000000000E+01 
1.939636832892819E+02 7.734313797642468E+00 1 1.827290000000000E+01 
2.171746156633479E+02 -1.276341840585394E+01 1 2.097690000000000E+01 
1.980429781715704E+02 1.361164523906383E+02 1 2.841460000000000E+01 
