# input file for alanine 2D (d4-d13)

# optimization
userfn       userfn_2D.py
bounds       -50 310; -50 310
num_tasks    2
kernel       stdp
initpts      2 30
iterpts      50
verbosity    2



RESULTS:
2.432055626148901E+02 2.373035933627895E+00 0 -2.030122623235059E+05 
1.336406189735752E+02 -5.585145042476451E+00 0 -2.029915080745179E+05 
5.196337770827596E+01 2.697727201945658E+01 1 2.698510000000000E+01 
3.061054913085946E+02 2.286832084448227E+02 1 2.662320000000000E+01 
6.037429012831547E+01 1.801176803450446E+02 1 1.748220000000000E+01 
6.360723782249437E+01 1.719274691876633E+02 1 1.777260000000000E+01 
-1.951927348419445E+01 6.703726053964064E+01 1 3.720040000000000E+01 
-4.702460722476689E+01 8.369673823222109E+01 1 3.625320000000000E+01 
5.854647135252882E+01 1.881921158700335E+02 1 1.773740000000000E+01 
-1.435642159845019E+01 2.178717785481932E+02 1 2.488500000000000E+01 
1.967725755478421E+01 4.128044040166637E+01 1 3.174070000000000E+01 
2.619678618508700E+02 2.643566288996028E+01 1 2.444940000000000E+01 
1.073540748220248E+02 1.435878244613145E+02 1 2.436060000000000E+01 
1.428768439709244E+02 -2.482686545985738E+01 1 3.361170000000000E+01 
2.330029550240945E+02 4.619026137870272E+01 1 2.986510000000000E+01 
7.620949381884871E+01 2.672472998466575E+02 1 3.199270000000000E+01 
-1.072910223698153E+01 3.725913699479619E+01 1 3.584420000000000E+01 
2.138269669529790E+02 -4.743533608377275E+01 1 3.083970000000000E+01 
4.140435970778911E+01 2.672100192109109E+02 1 3.245120000000000E+01 
1.475352898381933E+02 2.601956093294963E+02 1 3.519020000000000E+01 
2.942126455841799E+02 2.702954626170585E+02 1 3.186550000000000E+01 
1.940461794385284E+01 1.031751220784873E+02 1 3.278960000000000E+01 
2.390268436064834E+01 2.373243360319756E+02 1 2.850000000000000E+01 
5.885545647852230E+01 1.802571421848173E+02 1 1.748310000000000E+01 
1.137847447913782E+02 2.962702187834780E+02 1 3.557390000000000E+01 
4.532579889731973E+01 1.783477179764115E+02 1 1.785330000000000E+01 
2.665593992793626E+02 1.618866450006579E+02 1 2.621100000000000E+01 
7.483230506141717E+01 -2.097113499095057E+01 1 2.633110000000000E+01 
7.986731061443447E+01 6.648449461322039E+01 1 3.376260000000000E+01 
7.836006286179779E+01 1.290154644836946E+02 1 2.608470000000000E+01 
3.100000000000000E+02 1.966217632375469E+02 1 2.119530000000000E+01 
1.211088710237853E+02 1.874618232611363E+02 1 2.087780000000000E+01 
