# input file for alanine 2D (d4-d13)

# optimization
userfn       userfn_2D.py
bounds       -50 310; -50 310
num_tasks    2
kernel       stdp
initpts      2 30
iterpts      50
verbosity    2
kappa_prior  gamma
kappa_priorparam 1 71.428
W_prior      gaussian
W_priorparam 0 8.451


RESULTS:
-2.589881839922587E+00 2.889999600016484E+01 0 -2.029930722115643E+05 
1.294680705879240E+02 2.157943605157379E+02 0 -2.030016523372206E+05 
3.448053020985491E+01 2.892329549557036E+02 1 3.371590000000000E+01 
2.414332551559646E+02 1.315947643397838E+02 1 3.357850000000000E+01 
2.956827178593082E+02 2.728656289205740E+02 1 3.166540000000000E+01 
2.627691219706596E+02 -3.169328691996732E+01 1 2.375940000000000E+01 
4.970068406722726E+01 2.020652312805786E+02 1 1.946780000000000E+01 
9.096294750530220E+00 9.599993478061336E+01 1 3.455620000000000E+01 
1.395644340712170E+02 1.630071071520838E+02 1 2.150270000000000E+01 
1.233875669847115E+02 1.129542516124479E+02 1 3.099540000000000E+01 
3.443261599357185E+01 1.712657823751867E+02 1 1.879630000000000E+01 
3.021762541934370E+01 -4.665893567216949E+00 1 2.926620000000000E+01 
2.136163697447609E+02 2.091134313253906E+02 1 2.830650000000000E+01 
2.385351761839293E+02 2.717087727422722E+02 1 3.820190000000000E+01 
4.621130195029514E+01 1.850744988434281E+02 1 1.789740000000000E+01 
-5.507010275005793E+00 5.586242767597381E+01 1 3.622640000000000E+01 
2.854792773980705E+01 4.207487055905778E+01 1 3.055180000000000E+01 
5.553052314855523E+01 2.604375591782809E+02 1 3.104140000000000E+01 
-2.610448155497343E+01 1.459122615296448E+02 1 2.508970000000000E+01 
1.859168373362351E+02 1.401578191033037E+01 1 1.857710000000000E+01 
2.718688317956648E+02 2.531200548816381E+02 1 3.404110000000000E+01 
1.279002650776654E+02 2.518715660852775E+02 1 3.376680000000000E+01 
5.773626432247742E+01 -5.000000000000000E+01 1 3.027950000000000E+01 
1.111642580965311E+02 7.068940236166395E+01 1 3.441920000000000E+01 
2.864958121766634E+02 8.289676538136659E+01 1 3.628180000000000E+01 
2.732715750309833E+02 3.896630604530277E+00 1 1.921280000000000E+01 
1.357842033035359E+02 2.994975409244552E+02 1 3.677600000000000E+01 
2.854637981286725E+02 2.127546405483157E+02 1 2.543030000000000E+01 
-5.000000000000000E+01 5.667029762876493E+01 1 3.472370000000000E+01 
-4.633125700154833E+01 2.333120604902934E+02 1 2.730120000000000E+01 
2.030430637648804E+02 7.233807475550532E+01 1 3.258140000000000E+01 
5.940121194518808E+01 1.793842613210572E+02 1 1.748420000000000E+01 
