# input file for alanine 2D (d4-d13)

# optimization
userfn       userfn_2D.py
bounds       -50 310; -50 310
num_tasks    2
kernel       stdp
initpts      2 30
iterpts      50
verbosity    2
thetaprior gamma
thetapriorparam 2 0.019; 3.3678 9.0204; 3.3678 9.0204


RESULTS:
1.722131470264587E+02 9.621223604823642E+01 0 -2.029916325787122E+05 
1.775532556369919E+02 2.435778455590317E+02 0 -2.029931345267910E+05 
2.655947715760056E+02 7.394221990807313E+01 1 3.668180000000000E+01 
7.039516398547572E+01 6.638636060276920E+01 1 3.304300000000000E+01 
1.658288249813229E+02 2.950479523995163E+02 1 3.534700000000000E+01 
2.663121564070917E+02 3.191831129929736E+01 1 2.611900000000000E+01 
2.437734968159947E+02 2.710402989777933E+02 1 3.795920000000000E+01 
1.767407573910037E+02 2.116821761179497E+02 1 2.505670000000000E+01 
3.322675672274838E+01 2.826947755089762E+02 1 3.381420000000000E+01 
2.791847904448047E+02 1.913042997074479E+02 1 2.350410000000000E+01 
2.840196682948080E+02 -6.385716418282775E+00 1 1.842650000000000E+01 
-2.489846630344815E+01 -2.772919909264966E+01 1 2.698230000000000E+01 
1.002417673714342E+02 2.353078636945195E+02 1 2.859040000000000E+01 
2.414899842558592E+02 -2.053037380412469E+01 1 2.265830000000000E+01 
1.467212767913352E+01 1.407136212371528E+02 1 2.522480000000000E+01 
1.913751515652990E+02 2.516726476077353E+02 1 3.446010000000000E+01 
9.183381966896653E+01 1.042988477841070E+02 1 3.196070000000000E+01 
-5.000000000000000E+01 6.140646383103098E+01 1 3.527520000000000E+01 
1.433023838365702E+02 -2.326340717823250E+01 1 3.332820000000000E+01 
1.916551002359537E+02 -7.499729329496081E-02 1 1.871710000000000E+01 
8.985804898251240E+01 1.764243601787337E+02 1 1.886410000000000E+01 
2.065014666437180E+02 2.981736359748086E+02 1 3.423530000000000E+01 
-5.653032496769526E+00 1.850162254949755E+02 1 2.065130000000000E+01 
1.557008227301396E+02 7.038791707487948E+01 1 3.024530000000000E+01 
1.942521686262005E+02 7.421936386687927E+00 1 1.827390000000000E+01 
-5.000000000000000E+01 2.054057076267270E+02 1 2.228400000000000E+01 
1.584285947609267E+02 2.456283636361741E+02 1 3.246770000000000E+01 
1.110158663923705E+02 -7.059615777633825E+00 1 3.431920000000000E+01 
1.197479594152720E+02 7.355208853587588E+01 1 3.394330000000000E+01 
2.134920963849957E+02 1.992125972061478E+02 1 2.668570000000000E+01 
1.107656515665376E+02 2.024311147449125E+02 1 2.220330000000000E+01 
2.916454552350029E+02 1.476840514011720E+02 1 2.575580000000000E+01 
