# input file for alanine 2D (d4-d13)

# optimization
userfn       userfn_2D.py
bounds       -50 310; -50 310
num_tasks    2
kernel       stdp
initpts      2 30
iterpts      50
verbosity    2
kappa_prior  gamma
kappa_priorparam 1 71.428
W_prior      gaussian
W_priorparam 0 8.451


RESULTS:
8.824418220490015E+00 4.969228787793316E+01 0 -2.029936470824911E+05 
-3.337318621538495E+01 2.184400273894874E+02 0 -2.030014363232654E+05 
5.436193011162300E+01 1.531716826707875E+02 1 2.019850000000000E+01 
9.111555523341598E+01 2.232546847808169E+02 1 2.503850000000000E+01 
2.709292649679132E+02 1.665369293637799E+02 1 2.510120000000000E+01 
7.138613320918250E+01 1.729778532351175E+02 1 1.791790000000000E+01 
2.705255026700962E+01 1.218287719743006E+02 1 2.865370000000000E+01 
-3.992414552247085E+01 2.486375720212324E+02 1 2.985370000000000E+01 
-2.676390319207874E+01 3.005919185551693E+02 1 2.998420000000000E+01 
3.003894432641378E+02 2.726161916713605E+02 1 3.137880000000000E+01 
1.552881184234113E+02 -1.955160730592957E+00 1 2.565240000000000E+01 
1.964742362079722E+02 2.980887081967800E+02 1 3.394980000000000E+01 
-2.820322639596063E+01 3.675766601829044E+01 1 3.511860000000000E+01 
8.985787009429659E+01 9.685260860889271E+01 1 3.292320000000000E+01 
2.308814425047771E+02 9.775925286075112E+01 1 3.780660000000000E+01 
6.616636530700261E+01 -1.352118956155110E+01 1 2.517320000000000E+01 
8.609509590041813E+01 7.390870878975031E+00 1 2.978910000000000E+01 
5.907146751987904E+01 1.801683056490427E+02 1 1.748250000000000E+01 
2.026038823860930E+02 8.841744129203136E+00 1 1.853010000000000E+01 
9.167110996616485E+01 2.864417589810133E+02 1 3.354130000000000E+01 
5.910316696076880E+01 1.818825091770196E+02 1 1.749430000000000E+01 
-4.522659347038685E+01 1.803948486719279E+02 1 2.038800000000000E+01 
3.303657401541037E+01 5.691607083067986E+01 1 3.195910000000000E+01 
2.365390502126907E+02 9.058983727251412E+00 1 2.052550000000000E+01 
2.635197546002437E+02 7.528522454564818E+01 1 3.694440000000000E+01 
2.609855081107085E+02 2.559236478105779E+02 1 3.583530000000000E+01 
1.868829795953520E+02 2.545502296500023E+02 1 3.456230000000000E+01 
1.562801609403182E+02 1.746863627211183E+02 1 2.057060000000000E+01 
1.342116043347305E+02 -2.596138228621483E+01 1 3.494780000000000E+01 
2.868005246407056E+02 1.340227831928569E+02 1 2.926980000000000E+01 
8.951955834598461E+00 -3.737666476958722E+01 1 3.347930000000000E+01 
2.075104022786446E+02 2.200266131070961E+02 1 2.981500000000000E+01 
