# input file for alanine 2D (d4-d13)

# optimization
userfn       userfn_2D.py
bounds       -50 310; -50 310
num_tasks    2
kernel       stdp
initpts      2 30
iterpts      50
verbosity    2
kappa_prior  gamma
kappa_priorparam 2 0.014


RESULTS:
1.755588343463943E+02 3.004780928117432E+02 0 -2.029908998806538E+05 
2.340487239086677E+02 1.006224637586851E+02 0 -2.029892280724441E+05 
2.783861215189396E+02 -8.375323024256543E+00 1 1.851050000000000E+01 
1.351234769559827E+02 1.682566410214845E+02 1 2.107600000000000E+01 
1.361927442106472E+02 -1.991040355574575E+01 1 3.427430000000000E+01 
1.520131799537658E+02 4.065843477605917E+01 1 2.581740000000000E+01 
-3.577692531050371E+01 9.710361537955583E+01 1 3.545480000000000E+01 
3.402693896430810E+01 2.943778064935866E+02 1 3.361900000000000E+01 
1.850144183591460E+02 1.517366829337232E+02 1 2.403890000000000E+01 
2.271049563665127E+01 -3.193732816309326E+01 1 3.297690000000000E+01 
2.085984530144428E+02 1.221462553616876E+02 1 3.249290000000000E+01 
1.925834440930901E+02 7.961642017824336E+00 1 1.827460000000000E+01 
1.870369978386962E+02 1.809373585028977E+01 1 1.888810000000000E+01 
2.710089184563844E+02 1.657643820611855E+02 1 2.517490000000000E+01 
2.446701931876230E+02 1.173276101820353E+02 1 3.622750000000000E+01 
1.948158758502312E+02 7.367403395127017E+00 1 1.827710000000000E+01 
7.743480200736316E+01 2.756742241066627E+02 1 3.249510000000000E+01 
1.630765880890893E+02 1.860736664108419E+02 1 2.085750000000000E+01 
2.281327147547170E+02 2.906683605935264E+02 1 3.633320000000000E+01 
2.281762732202491E+00 1.893689945270946E+02 1 2.069580000000000E+01 
3.291965005865673E+01 1.309518399604421E+02 1 2.611350000000000E+01 
4.369219783118996E+00 1.156647900760518E+02 1 3.167020000000000E+01 
-5.666653275261059E+00 2.281233367837391E+02 1 2.720220000000000E+01 
8.459036521065551E+01 6.774442931205064E+01 1 3.411260000000000E+01 
2.629580502592961E+02 1.921910991060818E+02 1 2.575320000000000E+01 
1.518821097128929E+02 2.370345070375633E+02 1 3.065160000000000E+01 
1.010004536071799E+02 1.287366833857974E+02 1 2.742540000000000E+01 
2.736869338797605E+02 2.637630483304026E+02 1 3.439310000000000E+01 
2.446417219242102E+02 1.461790208585106E+01 1 2.151660000000000E+01 
5.111562604182135E+01 4.713624573842985E+01 1 3.007520000000000E+01 
6.095362912956386E+01 1.810388481440480E+02 1 1.748710000000000E+01 
1.895470207409251E+02 2.205206294337747E+02 1 2.795050000000000E+01 
