# input file for alanine 2D (d4-d13)

# optimization
userfn       userfn_2D.py
bounds       -50 310; -50 310
num_tasks    2
kernel       stdp
initpts      2 30
iterpts      50
verbosity    2
kappa_prior  gamma
kappa_priorparam 1 71.428
W_prior      gaussian
W_priorparam 0 8.451
thetaprior gamma
thetapriorparam 2 0.019; 3.3678 9.0204; 3.3678 9.0204

RESULTS:
-2.615491300123496E+00 2.406701843157510E+02 0 -2.029948246555123E+05 
1.185362945890308E+02 1.232712607519532E+02 0 -2.029961317842400E+05 
2.812900386906636E+02 1.404165691927538E+02 1 2.839960000000000E+01 
6.080227134862793E+01 2.900288039258156E+02 1 3.200120000000000E+01 
2.313964315695360E+02 2.727104682532818E+02 1 3.829160000000000E+01 
-5.000000000000000E+01 -4.577377120774830E+01 1 2.495220000000000E+01 
5.308898773136457E+01 1.275580416317167E+01 1 2.523990000000000E+01 
7.247284066523231E+01 1.819609627550865E+02 1 1.777260000000000E+01 
1.540383801295054E+02 9.564008633430619E+01 1 3.151650000000000E+01 
2.537544204947724E+02 2.019258418806550E+02 1 2.782140000000000E+01 
1.028047360196530E+02 1.368377884327369E+02 1 2.564730000000000E+01 
1.256969681404270E+02 8.699851122253902E+01 1 3.357220000000000E+01 
1.959580342655031E+02 -1.042857171404769E+01 1 2.024130000000000E+01 
7.387330619279827E+01 2.566102890980303E+01 1 2.941640000000000E+01 
2.768961544424035E+00 -3.486712293358195E+01 1 3.297150000000000E+01 
-1.878854635226870E+01 2.156238322127313E+02 1 2.433330000000000E+01 
8.767811611659980E+00 1.927170264869518E+02 1 2.071760000000000E+01 
-2.389375528978856E+01 2.960938055241901E+02 1 3.093090000000000E+01 
-5.000000000000000E+01 3.316706571102281E+01 1 3.038310000000000E+01 
2.876361640164967E+02 1.737266254304898E+02 1 2.239140000000000E+01 
1.906343096038501E+02 1.444296649850627E+01 1 1.853040000000000E+01 
8.158717157311824E+01 1.716674627103693E+02 1 1.852660000000000E+01 
2.524643254087656E+02 1.333279341051870E+02 1 3.288690000000000E+01 
1.538428171864221E+02 4.548844495976218E+01 1 2.631420000000000E+01 
7.156371169387411E+01 2.454883092745138E+02 1 2.871200000000000E+01 
2.893225657592459E+02 -9.924185417519132E+00 1 1.852750000000000E+01 
5.491247367900208E+01 1.799066919046310E+02 1 1.752430000000000E+01 
-1.170313777617256E+01 1.189769612653087E+02 1 3.156160000000000E+01 
8.650843196757036E+01 2.159881711237793E+02 1 2.304620000000000E+01 
2.465307353806556E+02 9.566881367727427E+01 1 3.842090000000000E+01 
5.867937386692059E+01 1.005272474686361E+02 1 3.111890000000000E+01 
-5.000000000000000E+01 -1.242421550355617E+01 1 2.083210000000000E+01 
