# input file for alanine 2D (d4-d13)

# optimization
userfn       userfn_2D.py
bounds       -50 310; -50 310
num_tasks    2
kernel       stdp
initpts      2 30
iterpts      50
verbosity    2
kappa_prior  gamma
kappa_priorparam 2 0.014


RESULTS:
2.881439435909046E+02 1.133929675421914E+02 0 -2.029927322231030E+05 
-3.007674178483266E+01 2.226107241051472E+02 0 -2.030001863884006E+05 
1.132380387441312E+01 2.151175755646909E+02 1 2.412780000000000E+01 
1.888903600739145E+02 1.281719989034175E+01 1 1.843950000000000E+01 
5.275047303549662E+01 1.648845390423897E+00 1 2.476930000000000E+01 
2.521930167164817E+02 -3.314765817662823E+01 1 2.529650000000000E+01 
-1.671637137722858E+01 2.836628142666207E+02 1 3.278480000000000E+01 
2.839098949716194E+02 -1.312221611805648E+01 1 1.862160000000000E+01 
2.847293248691548E+02 -6.872465595401390E+00 1 1.842610000000000E+01 
7.193468160373086E+00 1.581390815293599E+02 1 2.217690000000000E+01 
1.017901520701140E+02 1.958991468450488E+01 1 3.408490000000000E+01 
2.187280220102745E+02 2.715111775297409E+02 1 3.794990000000000E+01 
2.972232988047492E+02 2.944207661097886E+02 1 2.902780000000000E+01 
1.790783589006812E+02 9.227872408498509E+01 1 3.170390000000000E+01 
3.172547369518207E+01 -4.513594070966630E+01 1 3.266650000000000E+01 
1.280251634640462E+02 2.914776296421510E+02 1 3.684250000000000E+01 
5.648955845686277E+00 3.036251542909635E+02 1 3.382200000000000E+01 
2.223719052309305E+02 3.080315989575853E+02 1 3.227850000000000E+01 
1.949164847320226E+02 6.897555663049703E+00 1 1.827960000000000E+01 
6.123848538915962E+00 -1.787002506204806E+01 1 3.396670000000000E+01 
2.158185506380432E+02 1.668900374688885E+01 1 2.029370000000000E+01 
1.388442422781958E+02 3.086548843456546E+01 1 2.778430000000000E+01 
2.441483233828336E+02 1.217986383436867E+02 1 3.546090000000000E+01 
6.037747785602475E+01 1.812776529132585E+02 1 1.748720000000000E+01 
1.973681630523544E+02 2.229356621684026E+02 1 2.929200000000000E+01 
1.302574599118085E+02 1.985907544487022E+02 1 2.226980000000000E+01 
2.497307755880144E+02 2.891064082873752E+02 1 3.558290000000000E+01 
-5.000000000000000E+01 1.325092234216405E+02 1 2.825860000000000E+01 
2.467853194919776E+02 1.721125368578829E+02 1 2.700610000000000E+01 
1.774695135855430E+02 1.177864222953748E+02 1 2.951760000000000E+01 
2.093784855725914E+02 -2.013935013602494E+00 1 1.911550000000000E+01 
2.404347403948000E+02 4.601612276232342E+01 1 3.029330000000000E+01 
