# input file for alanine 2D (d4-d13)

# optimization
userfn       userfn_2D.py
bounds       -50 310; -50 310
num_tasks    2
kernel       stdp
initpts      2 30
iterpts      50
verbosity    2
kappa_fixto  0 0
W_rank       2
W_prior      gaussian
W_priorparam 7.606 4.226
thetaprior gamma
thetapriorparam 2 0.019; 3.3678 9.0204; 3.3678 9.0204

RESULTS:
1.601258393806724E+02 2.417517304239508E+02 0 -2.029938350489892E+05 
2.844832416577959E+02 1.778211990534388E+02 0 -2.030082200785193E+05 
-4.245623637921859E+01 1.733300675472459E+01 1 2.834250000000000E+01 
3.054454771108880E+02 2.649489244506244E+02 1 3.122550000000000E+01 
6.512468324837069E+00 2.914168051476224E+02 1 3.437490000000000E+01 
1.292175993181858E+02 2.980643184456709E+02 1 3.669650000000000E+01 
2.415981210806574E+02 2.353288027047397E+02 1 3.476310000000000E+01 
1.798658395398555E+02 2.399341960792678E+02 1 3.159990000000000E+01 
2.821134736455554E+02 -4.509361076544504E+00 1 1.846530000000000E+01 
1.101316545758407E+02 6.334765389779869E+01 1 3.426670000000000E+01 
3.100000000000000E+02 1.336140441609463E+02 1 2.799040000000000E+01 
2.291360413572720E+02 2.012825077614235E+02 1 2.831050000000000E+01 
3.100000000000000E+02 1.993053212399795E+02 1 2.148210000000000E+01 
1.250703317234006E+02 1.156182842143835E+02 1 3.049000000000000E+01 
-2.956391468078431E+01 1.544472899317322E+02 1 2.325890000000000E+01 
5.327817974036780E+01 2.383460275615782E+01 1 2.655880000000000E+01 
1.392783379565355E+01 2.606816849727123E+02 1 3.313890000000000E+01 
8.727541880024872E+01 4.027108781378119E+01 1 3.318970000000000E+01 
4.293940827872904E+01 2.921039072630676E+02 1 3.296330000000000E+01 
2.400667292540456E+02 7.260599171512061E+00 1 2.040290000000000E+01 
7.104362226753547E+01 1.759186352501133E+02 1 1.777330000000000E+01 
6.266586959272249E+01 7.312697083662493E+01 1 3.279070000000000E+01 
1.679722306601925E+02 -2.547450424075653E+01 1 2.778680000000000E+01 
1.456859950467532E+02 2.586307099188263E+02 1 3.499530000000000E+01 
8.345713290337940E+00 -3.774394019205454E+01 1 3.344640000000000E+01 
6.839299232618831E+01 2.714978706563202E+02 1 3.199440000000000E+01 
1.924744640068725E+02 1.239503435681785E+02 1 2.995030000000000E+01 
2.852624325844808E+02 -1.274416511079741E+01 1 1.858340000000000E+01 
3.241840980295920E+01 5.144585697698759E+01 1 3.135140000000000E+01 
2.137253055175483E+02 2.362635158548520E+02 1 3.389810000000000E+01 
1.920970648660485E+02 8.531184703149115E+00 1 1.827930000000000E+01 
2.396855959762866E+02 9.710535887537188E+01 1 3.829870000000000E+01 
