# input file for alanine 2D (d4-d13)

# optimization
userfn       userfn_2D.py
bounds       -50 310; -50 310
num_tasks    2
kernel       stdp
initpts      2 30
iterpts      50
verbosity    2
thetaprior gamma
thetapriorparam 2 0.019; 3.3678 9.0204; 3.3678 9.0204


RESULTS:
5.771291654342879E+01 -3.164549728371453E+01 0 -2.029994798051489E+05 
2.429938992195183E+02 -6.721855704088116E+00 0 -2.030120046637139E+05 
1.054853432476085E+02 1.206799102848905E+02 1 2.940020000000000E+01 
-6.148280857310024E+00 2.245670789856085E+02 1 2.642630000000000E+01 
1.624525317686017E+02 2.820229668619423E+02 1 3.619700000000000E+01 
2.394319807798515E+02 2.115552290322161E+02 1 3.017330000000000E+01 
2.388256711214379E+02 2.820498218588019E+02 1 3.740400000000000E+01 
1.196863195261639E+02 2.784674476288036E+02 1 3.629150000000000E+01 
1.605429151905303E+02 1.255041689916126E+02 1 2.770920000000000E+01 
2.671926457010329E+02 2.002648733932840E+02 1 2.602790000000000E+01 
3.825643025223394E+01 2.479208139607978E+02 1 2.983160000000000E+01 
2.241754333806405E+02 2.500124185740375E+02 1 3.696790000000000E+01 
-5.000000000000000E+01 6.358876363200216E+01 1 3.548960000000000E+01 
2.733068005800454E+02 4.127029170867532E+01 1 2.905110000000000E+01 
2.922516170003446E+01 1.928883065939676E+02 1 1.947880000000000E+01 
-4.263385038824021E+01 1.061819087581337E+02 1 3.397190000000000E+01 
1.590272946231200E+01 8.308665979883763E+01 1 3.485120000000000E+01 
8.609509590041813E+01 7.390870878975031E+00 1 2.978910000000000E+01 
-2.676390319207874E+01 3.005919185551693E+02 1 2.998420000000000E+01 
1.975673657885665E+02 1.114193032578445E+02 1 3.249380000000000E+01 
8.210785640897009E+01 2.520272292248040E+02 1 3.046910000000000E+01 
8.645373928815091E+01 1.868738738174772E+02 1 1.875830000000000E+01 
-3.992414552247085E+01 2.486375720212324E+02 1 2.985370000000000E+01 
-2.871248250602454E+01 -2.100231985850708E+01 1 2.596630000000000E+01 
1.504207969335613E+02 2.518231970892703E+02 1 3.379050000000000E+01 
1.124924658594113E+02 -4.555701015181339E+01 1 3.428230000000000E+01 
6.415413165072511E+01 6.050294613422072E+01 1 3.225230000000000E+01 
-9.895174544739479E+00 1.896413144150697E+02 1 2.087530000000000E+01 
2.083624462197371E+02 7.798184642770931E+01 1 3.416860000000000E+01 
9.167110996616485E+01 2.864417589810133E+02 1 3.354130000000000E+01 
1.514373770251859E+02 5.173707150966690E+01 1 2.774240000000000E+01 
1.570841040475302E+00 2.956417918702898E+00 1 3.486160000000000E+01 
