# input file for alanine 2D (d4-d13)

# optimization
userfn       userfn_2D.py
bounds       -50 310; -50 310
num_tasks    2
kernel       stdp
initpts      2 30
iterpts      50
verbosity    2
kappa_fixto  0 0
W_rank       2
W_prior      gaussian
W_priorparam 7.606 4.226


RESULTS:
7.469436596430995E-01 2.386141259601485E+02 0 -2.029953561079262E+05 
5.221700590420162E+01 1.361819296612002E+02 0 -2.030007154140132E+05 
6.139492772318997E+01 1.842584869227642E+02 1 1.755240000000000E+01 
1.163862766642037E+02 1.414300961451932E+02 1 2.509640000000000E+01 
2.136163697447609E+02 2.091134313253906E+02 1 2.830650000000000E+01 
2.030430637648804E+02 7.233807475550532E+01 1 3.258140000000000E+01 
2.499535287803631E+02 9.451079920930006E+01 1 3.840010000000000E+01 
4.621130195029514E+01 1.850744988434281E+02 1 1.789740000000000E+01 
2.718688317956648E+02 2.531200548816381E+02 1 3.404110000000000E+01 
1.514886658347116E+02 6.277574458296991E+01 1 2.955080000000000E+01 
2.956827178593082E+02 2.728656289205740E+02 1 3.166540000000000E+01 
1.942594375436776E+02 7.973159419225460E+00 1 1.827480000000000E+01 
9.126789479923477E+01 2.318546476763341E+02 1 2.704870000000000E+01 
2.854637981286725E+02 2.127546405483157E+02 1 2.543030000000000E+01 
3.579179230329846E+00 -1.420005364272881E+01 1 3.410930000000000E+01 
4.254991619818514E+01 1.189472245169366E+02 1 2.821390000000000E+01 
1.109111825804677E+02 -5.000000000000000E+01 1 3.435290000000000E+01 
-5.000000000000000E+01 5.667029762876493E+01 1 3.472370000000000E+01 
3.443261599357185E+01 1.712657823751867E+02 1 1.879630000000000E+01 
1.763179518738225E+02 1.002075642687304E+02 1 3.134590000000000E+01 
1.945391653596944E+02 9.493486980790996E+00 1 1.830050000000000E+01 
2.732715750309833E+02 3.896630604530277E+00 1 1.921280000000000E+01 
1.715846761644174E+02 2.387267917105738E+02 1 3.104290000000000E+01 
1.233875669847115E+02 1.129542516124479E+02 1 3.099540000000000E+01 
2.483758959836074E+02 1.630768886089080E+02 1 2.774420000000000E+01 
-2.563163842952934E+01 -2.365035207177232E+01 1 2.678510000000000E+01 
5.940121194518808E+01 1.793842613210572E+02 1 1.748420000000000E+01 
1.805543812751284E+02 1.348425557320089E+02 1 2.669980000000000E+01 
2.460984758278093E+02 2.565328328362959E+01 1 2.420950000000000E+01 
2.440701782626842E+02 2.278509704763661E+02 1 3.321410000000000E+01 
2.414332551559646E+02 1.315947643397838E+02 1 3.357850000000000E+01 
3.468544697831396E+01 -3.319127189438332E+01 1 3.126470000000000E+01 
