# input file for alanine 2D (d4-d13)

# optimization
userfn       userfn_2D.py
bounds       -50 310; -50 310
num_tasks    2
kernel       stdp
initpts      2 30
iterpts      50
verbosity    2
kappa_fixto  0 0
W_rank       2
W_prior      gaussian
W_priorparam 7.606 4.226


RESULTS:
6.360059236303497E+01 1.646427776103601E+02 0 -2.030083818709669E+05 
2.410337885508591E+02 3.100000000000000E+02 0 -2.029977312712626E+05 
1.192931241555026E+02 -4.847514141626896E+01 1 3.531190000000000E+01 
1.369460125200366E+02 1.069303987302815E+02 1 3.140370000000000E+01 
2.805964151481927E+01 2.595042806412467E+02 1 3.238810000000000E+01 
1.454872763127716E+02 1.518639427307754E+02 1 2.293510000000000E+01 
2.043586668895757E+02 9.419711009013369E+00 1 1.864660000000000E+01 
-1.697626019267993E+00 2.466780733596510E+02 1 3.102600000000000E+01 
1.240553995484897E+02 2.679124266712990E+02 1 3.587100000000000E+01 
5.265060169948269E+01 1.294391395526288E+02 1 2.546340000000000E+01 
1.731292848689536E+02 1.531398276034124E+02 1 2.293460000000000E+01 
1.215182346808879E+02 1.765435333354237E+02 1 2.060600000000000E+01 
1.656048173729225E+02 1.839196160376843E+02 1 2.078340000000000E+01 
-4.537817717809454E+01 1.349129678779319E+01 1 2.649450000000000E+01 
5.815943169964732E+01 1.806360332683807E+02 1 1.748730000000000E+01 
1.017951533661574E+02 1.991905313111909E+02 1 2.111620000000000E+01 
1.063699501897380E+01 1.132395385532997E+02 1 3.174940000000000E+01 
2.057662564111786E+02 1.310136812103597E+02 1 3.047850000000000E+01 
2.018010248659606E+02 2.125307349661763E+02 1 2.757780000000000E+01 
2.858310551921086E+02 1.334726894213065E+02 1 2.949090000000000E+01 
3.006025859625386E+02 2.847873715453974E+02 1 3.038290000000000E+01 
7.490156479997324E+01 2.055260578074817E+01 1 2.888160000000000E+01 
3.601685393441989E+01 1.759659193551750E+02 1 1.845020000000000E+01 
4.602488187707387E+01 -1.216710660112653E+01 1 2.650850000000000E+01 
-2.249027576878768E+01 1.331128001358825E+02 1 2.819620000000000E+01 
1.141701600234428E+01 2.940764810579144E+02 1 3.445710000000000E+01 
2.868344465175390E+02 2.551522332376663E+02 1 3.215860000000000E+01 
7.545525845297756E+01 -3.615137628935580E+01 1 2.814780000000000E+01 
1.585769059394007E+02 2.399902460255901E+02 1 3.125640000000000E+01 
2.100745873445094E+02 1.778672674058028E+00 1 1.890650000000000E+01 
2.108947414636602E+02 9.285432008890574E+01 1 3.552270000000000E+01 
2.362295258208368E+02 1.485378621235055E+02 1 3.015340000000000E+01 
