# input file for alanine 2D (d4-d13)

# optimization
userfn       userfn_2D.py
bounds       -50 310; -50 310
num_tasks    2
kernel       stdp
initpts      2 30
iterpts      50
verbosity    2
W_prior      gaussian
W_priorparam 10.757 4.226

thetaprior gamma
thetapriorparam 2 0.019; 3.3678 9.0204; 3.3678 9.0204
RESULTS:
2.075993008937371E+02 1.424178875081412E+02 0 -2.030005623560576E+05 
1.661630332933293E+02 2.267899275282385E+02 0 -2.029983961147731E+05 
9.993556151106473E+01 3.021235049498521E+02 1 3.346580000000000E+01 
3.066409865886363E+02 2.481645833325868E+02 1 2.986280000000000E+01 
7.600216499504978E+01 1.860414498597209E+02 1 1.806240000000000E+01 
2.630238061622082E+02 5.183619042286603E+01 1 3.222810000000000E+01 
1.930850363980201E+02 6.428306829985850E+00 1 1.828540000000000E+01 
4.866250107331041E+01 2.562965489628835E+02 1 3.071190000000000E+01 
4.741851257792921E+01 3.082097672695140E+02 1 3.139020000000000E+01 
1.290744215095624E+02 8.710376543386481E+01 1 3.334680000000000E+01 
2.450041793364475E+02 -9.745785589740430E+00 1 2.054990000000000E+01 
7.967382728082804E+01 2.335409650036240E+02 1 2.657540000000000E+01 
-3.256726847393251E+01 -2.986402682188405E+01 1 2.514430000000000E+01 
2.584158209641491E+02 2.675378137729089E+02 1 3.658480000000000E+01 
-3.593884190545193E+01 2.175285808875671E+02 1 2.427680000000000E+01 
-5.000000000000000E+01 3.590683755241385E+01 1 3.101870000000000E+01 
-1.449208567480908E+01 9.784488811262262E+00 1 3.446160000000000E+01 
2.365236043530334E+02 8.496148717868473E+01 1 3.800550000000000E+01 
2.453754485926888E+02 1.781801181567865E+01 1 2.219040000000000E+01 
1.165147996032674E+02 3.236939745551752E+01 1 3.290760000000000E+01 
-3.471437206533042E+01 1.130732867542828E+02 1 3.276710000000000E+01 
2.472397766627217E+02 1.142055513451913E+02 1 3.667550000000000E+01 
1.439921024671239E+02 2.112432566586164E+02 1 2.460260000000000E+01 
4.581595444709467E+01 1.937235417655055E+02 1 1.853490000000000E+01 
2.025815105955089E+02 2.243562295346665E+02 1 3.019070000000000E+01 
8.059207340430943E+01 2.653046015908979E+02 1 3.208510000000000E+01 
1.566636753895940E+02 2.422476258642527E+02 1 3.177370000000000E+01 
1.112476070976817E+02 2.132004068766179E+02 1 2.429470000000000E+01 
-1.653827793228138E-01 2.086347249296834E+02 1 2.318220000000000E+01 
4.998625324208456E+01 7.136100824429964E+01 1 3.246930000000000E+01 
2.705904831507142E+02 2.203053354781061E+02 1 2.887760000000000E+01 
2.120352743328889E+02 1.261155500224713E+01 1 1.942460000000000E+01 
