# input file for alanine 2D (d4-d13)

# optimization
userfn       userfn_2D.py
bounds       -50 310; -50 310
num_tasks    2
kernel       stdp
initpts      2 30
iterpts      50
verbosity    2
kappa_prior  gamma
kappa_priorparam 2 0.014


RESULTS:
-9.015653542536358E+00 2.044199568553017E+02 0 -2.030048499033688E+05 
5.133626723936826E+01 1.782948394064539E+02 0 -2.030095475003504E+05 
1.521787733476594E+02 2.922794157494639E+02 1 3.650080000000000E+01 
2.853600847218684E+02 -1.390246537894426E+01 1 1.866350000000000E+01 
2.224131257183822E+02 2.803772674602718E+01 1 2.342820000000000E+01 
1.932375120716719E+02 2.664154741709140E+02 1 3.606920000000000E+01 
1.545130584748833E+02 2.505224995240591E+02 1 3.348060000000000E+01 
1.325278790778697E+01 6.629338017443089E+01 1 3.482810000000000E+01 
2.001466776752657E+02 5.641610682800868E+01 1 2.877610000000000E+01 
1.753516384303191E+02 7.284794870092442E+01 1 3.007270000000000E+01 
1.764976744379586E+02 1.652697427091504E+01 1 1.934220000000000E+01 
1.193076916306748E+02 -5.000000000000000E+01 1 3.539730000000000E+01 
2.709483737491901E+02 -3.506688953467133E+01 1 2.375000000000000E+01 
1.475028756224859E+02 5.080588003750972E+01 1 2.816130000000000E+01 
-1.922287920942856E+01 8.929565439497540E+01 1 3.651150000000000E+01 
2.791935224714351E+02 1.690797752333146E+02 1 2.377270000000000E+01 
4.002213618834035E+01 2.439879019129044E+02 1 2.894030000000000E+01 
-1.642601364288725E+01 2.918690258922488E+02 1 3.228210000000000E+01 
1.443194924306831E+01 1.773855280033091E+02 1 1.990820000000000E+01 
2.326004996120461E+02 2.698506703702494E+02 1 3.836750000000000E+01 
-4.075143789672831E+01 1.108510620619677E+02 1 3.313550000000000E+01 
3.002884254313221E+02 -5.000000000000000E+01 1 2.558090000000000E+01 
1.485329969684782E+02 -2.173803958679677E+01 1 3.187330000000000E+01 
1.355139660403198E+02 1.436916737553341E+02 1 2.460310000000000E+01 
1.932151330149470E+02 1.454792174962030E+01 1 1.856280000000000E+01 
6.230041074946610E+00 1.224552500260191E+02 1 3.006910000000000E+01 
2.658654754505653E+02 8.408190933760950E+01 1 3.752720000000000E+01 
5.120769492150703E+01 1.768186998328717E+02 1 1.765440000000000E+01 
2.154698119014756E+02 1.877265828839676E+02 1 2.574650000000000E+01 
2.145637942081821E+02 3.010036040404677E+02 1 3.390540000000000E+01 
1.126827829644048E+02 -1.570558964098953E+01 1 3.410160000000000E+01 
3.061038241168650E+02 2.290636746813347E+02 1 2.669610000000000E+01 
