# input file for alanine 2D (d4-d13)

# optimization
userfn       userfn_2D.py
bounds       -50 310; -50 310
num_tasks    2
kernel       stdp
initpts      2 30
iterpts      50
verbosity    2
kappa_fixto  0 0
W_rank       2
W_prior      gaussian
W_priorparam 7.606 4.226
thetaprior gamma
thetapriorparam 2 0.019; 3.3678 9.0204; 3.3678 9.0204

RESULTS:
2.082520492529164E+02 1.959277201368255E+02 0 -2.030059446801359E+05 
2.839209374391648E+02 3.720525556365811E+01 0 -2.029978405327125E+05 
1.553692735260168E+02 3.100000000000000E+02 1 3.475620000000000E+01 
6.415413165072511E+01 6.050294613422072E+01 1 3.225230000000000E+01 
-1.189187244133703E+01 2.570979797798606E+02 1 3.222650000000000E+01 
1.590272946231200E+01 8.308665979883763E+01 1 3.485120000000000E+01 
1.223031000772806E+02 1.864572024076922E+02 1 2.084560000000000E+01 
1.342116043347305E+02 -2.596138228621483E+01 1 3.494780000000000E+01 
2.733068005800454E+02 4.127029170867532E+01 1 2.905110000000000E+01 
6.145690213653724E+01 1.801815023448416E+02 1 1.748660000000000E+01 
5.987635310710970E+01 2.853434987906409E+02 1 3.220170000000000E+01 
-6.148280857310024E+00 2.245670789856085E+02 1 2.642630000000000E+01 
2.391205027341324E+02 6.107534573698985E+01 1 3.441950000000000E+01 
2.609855081107085E+02 2.559236478105779E+02 1 3.583530000000000E+01 
2.705255026700962E+01 1.218287719743006E+02 1 2.865370000000000E+01 
2.868005246407056E+02 1.340227831928569E+02 1 2.926980000000000E+01 
5.046952879218165E+01 1.003259883197338E+02 1 3.120060000000000E+01 
1.044722529277899E+02 5.455534099943859E+01 1 3.425620000000000E+01 
5.678705954582231E+01 2.180137553204469E+01 1 2.643000000000000E+01 
1.570841040475302E+00 2.956417918702898E+00 1 3.486160000000000E+01 
1.504207969335613E+02 2.518231970892703E+02 1 3.379050000000000E+01 
7.019108078293840E+00 1.481075519163027E+02 1 2.407040000000000E+01 
3.303657401541037E+01 5.691607083067986E+01 1 3.195910000000000E+01 
2.492117344986850E+02 1.421085303537329E+02 1 3.124160000000000E+01 
1.514373770251859E+02 5.173707150966690E+01 1 2.774240000000000E+01 
1.744799215546218E+02 6.995015530055549E+01 1 2.961580000000000E+01 
2.022058265670453E+02 1.486078215589099E+02 1 2.667200000000000E+01 
-3.584232931676875E+01 1.463142498793260E+02 1 2.490150000000000E+01 
3.100000000000000E+02 2.236362568902289E+02 1 2.551100000000000E+01 
-4.263385038824021E+01 1.061819087581337E+02 1 3.397190000000000E+01 
1.605429151905303E+02 1.255041689916126E+02 1 2.770920000000000E+01 
1.054853432476085E+02 1.206799102848905E+02 1 2.940020000000000E+01 
