# input file for alanine 2D (d4-d13)

# optimization
userfn       userfn_2D.py
bounds       -50 310; -50 310
num_tasks    2
kernel       stdp
initpts      2 30
iterpts      50
verbosity    2
kappa_prior  gamma
kappa_priorparam 1 71.428
W_prior      gaussian
W_priorparam 0 8.451
thetaprior gamma
thetapriorparam 2 0.019; 3.3678 9.0204; 3.3678 9.0204

RESULTS:
2.241190043338427E+02 2.198445303032194E+02 0 -2.029991327935522E+05 
7.136480551621278E+01 -2.416325442726271E+01 0 -2.030017060277254E+05 
1.726292643889169E+01 1.537673783809100E+01 1 3.123810000000000E+01 
1.828037417771077E+02 2.275727984420052E+02 1 2.901370000000000E+01 
2.698318983749111E+02 -4.894906339174752E+01 1 2.782060000000000E+01 
1.289147569553367E+02 2.954554062859572E+02 1 3.677640000000000E+01 
7.472845478870306E+01 2.859933692250644E+01 1 2.999560000000000E+01 
-1.376623841483436E+01 1.527053181762298E+02 1 2.370960000000000E+01 
1.475985238444925E+02 8.766256068402004E+01 1 3.199660000000000E+01 
-8.828472154351921E+00 3.100000000000000E+02 1 3.174830000000000E+01 
1.502547386323948E+02 2.016415024054583E+02 1 2.269530000000000E+01 
6.196151339364150E+01 -3.572723905272900E+01 1 2.798910000000000E+01 
6.107498637106429E+01 1.908198394362524E+02 1 1.792670000000000E+01 
3.100000000000000E+02 -4.228778554496076E+01 1 2.422220000000000E+01 
1.029596198457400E+02 1.929724113487266E+02 1 2.043360000000000E+01 
-1.571083627090269E+01 -1.816067030921105E+01 1 3.006040000000000E+01 
2.483157559794993E+02 1.673852176237152E+02 1 2.729050000000000E+01 
2.825861490947361E+02 -5.378045338372747E+00 1 1.844060000000000E+01 
2.886287903823008E+02 1.893324098986161E+02 1 2.220790000000000E+01 
4.111573295223057E+01 3.061034811463113E+02 1 3.226520000000000E+01 
-1.289518542648048E+01 2.127712462350380E+02 1 2.391400000000000E+01 
5.575048675901130E+01 1.794842936426244E+02 1 1.751240000000000E+01 
9.179659340098210E+01 2.420399600725879E+02 1 2.934760000000000E+01 
8.878393104245662E+01 1.332013499308313E+02 1 2.570210000000000E+01 
1.625584335499834E+02 1.772080326067403E+02 1 2.057620000000000E+01 
2.724691568853326E+02 -1.002729913760828E+01 1 1.885160000000000E+01 
1.626403977320124E+01 7.339345096386134E+01 1 3.480830000000000E+01 
8.968115878926124E+00 2.892849590596687E+02 1 3.451470000000000E+01 
1.629092661195026E+02 2.999430339599859E+02 1 3.510290000000000E+01 
1.133982212006445E+02 1.169829311433677E+02 1 3.032070000000000E+01 
2.506915768910293E+02 2.503218591806373E+02 1 3.647470000000000E+01 
2.486481862096680E+02 5.418106169864420E+01 1 3.294830000000000E+01 
