# input file for alanine 2D (d4-d13)

# optimization
userfn       userfn_2D.py
bounds       -50 310; -50 310
num_tasks    2
kernel       stdp
initpts      2 30
iterpts      50
verbosity    2
W_prior      gaussian
W_priorparam 10.757 4.226


RESULTS:
9.362354482027545E+00 5.458182767793357E+01 0 -2.029929669086504E+05 
2.458361062970162E+02 1.672732891995491E+02 0 -2.030058817693589E+05 
-3.318469993651097E+01 -4.991775664850836E+01 1 2.763540000000000E+01 
2.227208474554112E+02 1.774010735378608E+01 1 2.106880000000000E+01 
1.587272784870032E+02 2.303669957990474E+02 1 2.900070000000000E+01 
3.097341488660368E+02 2.752497726838276E+02 1 3.102660000000000E+01 
2.300598753326796E+02 1.445523370303484E+02 1 3.062380000000000E+01 
2.317982582992893E+02 1.800548491112042E+02 1 2.681650000000000E+01 
1.169865816323733E+02 2.667555515330402E+01 1 3.309100000000000E+01 
1.594346846464380E+02 3.028913830769435E+02 1 3.512010000000000E+01 
-4.639136530900508E+01 1.775869411052382E+02 1 2.048390000000000E+01 
2.319902314707707E+02 2.588120307957103E+02 1 3.807170000000000E+01 
-4.183975277721854E+01 3.834584940157418E+01 1 3.307480000000000E+01 
1.289775433238198E+02 1.915735521898037E+02 1 2.138020000000000E+01 
2.865241232655322E+02 1.171902755252537E+02 1 3.295870000000000E+01 
-3.758218374886247E+01 2.387245134552666E+02 1 2.834140000000000E+01 
1.239428610792273E+02 2.883607458906221E+02 1 3.667360000000000E+01 
-6.902274636282309E+00 1.030896740390187E+02 1 3.454320000000000E+01 
-3.550480598490602E+01 7.270142836837030E+01 1 3.685930000000000E+01 
9.998025403316160E+01 5.206467812217219E+01 1 3.428420000000000E+01 
9.648940748618739E+01 3.089479171388506E+02 1 3.234620000000000E+01 
3.941848341194343E+01 5.377442244812926E+01 1 3.115810000000000E+01 
5.481751345183810E+01 1.801684510011190E+02 1 1.752570000000000E+01 
2.559179745998589E+02 9.215160352557461E+01 1 3.822980000000000E+01 
1.344519974407924E+02 1.290285783892266E+02 1 2.763350000000000E+01 
1.096676644299890E+02 1.120135151366870E+02 1 3.122050000000000E+01 
6.069719871790286E+01 8.992259754919169E+01 1 3.227470000000000E+01 
1.920010030897525E+02 1.041863440588909E+01 1 1.831440000000000E+01 
-2.664405358990561E+01 2.077038868200760E+02 1 2.271200000000000E+01 
1.315793217588779E+02 -3.017677754153918E+01 1 3.529300000000000E+01 
2.566387921934543E+02 -6.001601891830447E-01 1 1.957000000000000E+01 
1.331923692959494E+02 5.458908806209689E+01 1 3.096470000000000E+01 
