# input file for alanine 4D

# optimization
userfn       userfn_4D.py
bounds       -50 310; -50 70; -50 310; -50 310
kernel       stdp
data_sources 2
initpts 2 2
iterpts      100
verbosity    2

RESULTS:
-5.000000000000000E+01 -5.000000000000000E+01 -5.000000000000000E+01 -5.000000000000000E+01 0 3.416900000000000E+01
1.300000000000000E+02 1.000000000000000E+01 1.300000000000000E+02 1.300000000000000E+02 0 3.298980000000000E+01
-5.000000000000000E+01 -5.000000000000000E+01 -5.000000000000000E+01 -5.000000000000000E+01 1 -8.802466732826000E+03
1.300000000000000E+02 1.000000000000000E+01 1.300000000000000E+02 1.300000000000000E+02 1 -8.802391830756000E+03
5.468926769222378E+01 6.394345192138684E+01 2.699116716195164E+02 1.022379322298639E+01 1 -8.802862853488999E+03
