# input file for alanine 2D (d4-d13)

# optimization
userfn       userfn_2D.py
bounds       -50 310; -50 310
num_tasks    2
kernel       stdp
initpts      2 30
iterpts      50
verbosity    2
kappa_prior  gamma
kappa_priorparam 1 71.428
W_prior      gaussian
W_priorparam 0 8.451
thetaprior gamma
thetapriorparam 2 0.019; 3.3678 9.0204; 3.3678 9.0204

RESULTS:
8.531515828728820E+01 2.732982159493246E+02 0 -2.029907513230062E+05 
5.117161384022828E+01 1.196365907466877E+02 0 -2.029955967392682E+05 
1.091355153563215E+02 5.058237941583290E+01 1 3.387510000000000E+01 
1.087271420431324E+02 2.550406468859723E+02 1 3.320800000000000E+01 
2.937495202209504E+02 2.922601544410767E+02 1 2.962410000000000E+01 
1.916511339258181E+02 2.697213417732077E+02 1 3.610090000000000E+01 
2.934179790056507E+01 2.298101820576522E+02 1 2.644240000000000E+01 
8.594577660235259E+01 1.705675759392565E+02 1 1.888720000000000E+01 
2.236713271286243E+02 2.385595273668615E+02 1 3.512180000000000E+01 
-2.194034533761349E+01 6.087925645075570E+01 1 3.702780000000000E+01 
3.100000000000000E+02 1.940298865939160E+02 1 2.096090000000000E+01 
1.595150207241464E+02 2.447114648403948E+02 1 3.226750000000000E+01 
7.706243126662100E+01 1.379834887413072E+02 1 2.389350000000000E+01 
2.204954380196377E+02 1.204964600984660E+02 1 3.434090000000000E+01 
2.429494562450743E+01 2.937559173007650E+02 1 3.427530000000000E+01 
2.636906309623196E+02 1.019163881215582E+02 1 3.725480000000000E+01 
2.217023792750257E+02 2.776972856439786E+02 1 3.781220000000000E+01 
1.940939021573061E+02 6.552630073871648E+00 1 1.828050000000000E+01 
-3.090394785632358E+01 3.098302968115150E+02 1 2.802180000000000E+01 
1.461721205622517E+02 2.096729921209997E+02 1 2.425310000000000E+01 
2.253040650584968E+02 1.992262825389035E+02 1 2.780000000000000E+01 
9.553514151422964E+01 1.950918639198967E+02 1 2.012440000000000E+01 
-1.879826539101761E+00 1.504148590083901E+02 1 2.397240000000000E+01 
4.518065056319171E+01 -1.384240666116872E+01 1 2.686130000000000E+01 
2.815896808735532E+02 2.599013691495885E+02 1 3.313890000000000E+01 
2.429784591963703E+02 7.472149175584872E+01 1 3.720850000000000E+01 
2.055873307153419E+02 3.100000000000000E+02 1 3.137930000000000E+01 
1.368996330330222E+02 1.693571437053210E+02 1 2.098690000000000E+01 
4.246572198472247E+01 1.750341860654735E+02 1 1.808820000000000E+01 
-3.950569767097164E+01 -1.906917682754759E+01 1 2.307080000000000E+01 
5.589417928441564E+01 1.815717516466604E+02 1 1.751690000000000E+01 
1.978119999472438E+02 8.479107907578017E+00 1 1.833850000000000E+01 
