# input file for alanine 2D (d4-d13)

# optimization
userfn       userfn_2D.py
bounds       -50 310; -50 310
num_tasks    2
kernel       stdp
initpts      2 30
iterpts      50
verbosity    2
kappa_prior  gamma
kappa_priorparam 1 71.428
W_prior      gaussian
W_priorparam 0 8.451


RESULTS:
6.113515513548843E+01 9.752812966792526E+01 0 -2.029909453852647E+05 
1.171830095085659E+02 1.693549002039618E+02 0 -2.030073629808481E+05 
3.613426682839248E+01 6.948981739631098E+01 1 3.285510000000000E+01 
1.332049330399879E+02 2.377256314076554E+02 1 3.089190000000000E+01 
2.010190518566523E+02 1.309976172674136E+02 1 2.980640000000000E+01 
-5.000000000000000E+01 4.008615645538277E+01 1 3.192540000000000E+01 
1.692988973390908E+02 -5.000000000000000E+01 1 3.300810000000000E+01 
2.427041610045275E+02 3.726714271904439E+01 1 2.764720000000000E+01 
-6.990074284681822E-01 -9.382601510610801E+00 1 3.422250000000000E+01 
2.791125496654300E+02 5.622744359189770E+01 1 3.307890000000000E+01 
2.715987456015440E+02 -7.980683908060660E+00 1 1.879350000000000E+01 
8.691994004207264E+01 1.558743782311857E+01 1 3.105120000000000E+01 
3.131654097968707E+01 1.689636830579990E+01 1 2.789380000000000E+01 
1.940163982611051E+02 6.153052410008794E+00 1 1.828710000000000E+01 
-3.011515243377619E+01 9.068604253105684E+01 1 3.628750000000000E+01 
1.903948409481227E+02 1.574281704765005E+02 1 2.377750000000000E+01 
1.353307879737934E+02 2.859433184299184E+02 1 3.707870000000000E+01 
2.282825474789051E+02 2.600829536061610E+02 1 3.809610000000000E+01 
1.726319838045582E+02 2.061540816355336E+02 1 2.375640000000000E+01 
-5.000000000000000E+01 2.732717867817134E+02 1 3.110700000000000E+01 
2.602404140819754E+02 1.835344763916025E+02 1 2.565790000000000E+01 
7.717123712746884E+01 6.582786354849617E+01 1 3.354040000000000E+01 
6.866658278125330E+01 2.698619633027719E+02 1 3.190330000000000E+01 
1.296613645310848E+02 8.145213947525761E+01 1 3.332700000000000E+01 
2.557408713053716E+02 1.226934003281716E+02 1 3.482270000000000E+01 
2.888115732677131E+02 1.590422990007322E+02 1 2.391260000000000E+01 
6.673541434631254E+01 1.760644673433216E+02 1 1.763330000000000E+01 
1.234362004208246E+02 1.170584329637193E+02 1 3.025770000000000E+01 
1.549245915438394E+02 -1.796754484789531E+01 1 2.935680000000000E+01 
1.646341117902637E+02 1.654416568415960E+02 1 2.114280000000000E+01 
1.919761492807872E+00 2.492651599552828E+02 1 3.152000000000000E+01 
5.809729608769180E+01 9.075838805396394E+01 1 3.216780000000000E+01 
