# input file for alanine 2D (d4-d13)

# optimization
userfn       userfn_2D.py
bounds       -50 310; -50 310
num_tasks    2
kernel       stdp
initpts      2 30
iterpts      50
verbosity    2
thetaprior gamma
thetapriorparam 2 0.019; 3.3678 9.0204; 3.3678 9.0204


RESULTS:
3.069537179017073E+02 1.760929901274379E+02 0 -2.030085324917207E+05 
-5.351119210228363E-01 1.789069073956195E+02 0 -2.030077877586567E+05 
1.183950469517882E+02 6.698910581498581E+01 1 3.380190000000000E+01 
-3.705055323002497E+01 1.377120594905095E+02 1 2.692280000000000E+01 
1.078680709333429E+01 1.299568725594372E+02 1 2.802460000000000E+01 
2.348645482141638E+02 1.956463410540917E+02 1 2.779200000000000E+01 
1.477679486934421E+02 1.457654130428768E+02 1 2.395900000000000E+01 
-2.732392870129872E+01 2.471523559541074E+02 1 3.009030000000000E+01 
1.697272561134881E+02 1.827646615571398E+02 1 2.085340000000000E+01 
1.347063051302113E+02 1.177018702151152E+02 1 2.982950000000000E+01 
2.592719495294697E+02 2.916560874623689E+02 1 3.400030000000000E+01 
1.656321488085105E+02 1.118407005989258E+02 1 2.992550000000000E+01 
1.894716748937049E+02 7.659701256162015E+01 1 3.151890000000000E+01 
2.932992262258599E+02 2.210215657896845E+02 1 2.606750000000000E+01 
2.275749808149610E+02 -2.714733981125174E+01 1 2.475010000000000E+01 
1.036487761480338E+01 -3.632617120435923E+01 1 3.353940000000000E+01 
1.761422675091869E+02 2.148910907879771E+02 1 2.571430000000000E+01 
1.109364799070528E+02 1.628521990501410E+02 1 2.119850000000000E+01 
2.331936278492194E+02 2.618088136373752E+02 1 3.824470000000000E+01 
5.774578108101609E+01 1.730259251901941E+02 1 1.768700000000000E+01 
3.238144773024520E+01 9.850548563732089E+01 1 3.233820000000000E+01 
2.801786069239780E+02 2.575538679404750E+02 1 3.319660000000000E+01 
9.351699505936159E+01 1.389004902663687E+02 1 2.466380000000000E+01 
1.265015612321867E+02 9.317282064243058E+00 1 3.285180000000000E+01 
-5.000000000000000E+01 1.855625611647982E+02 1 2.051410000000000E+01 
2.304591494103473E+02 8.525461744973920E+01 1 3.760640000000000E+01 
5.959005568195678E+01 1.793973213707867E+02 1 1.748380000000000E+01 
6.567166969088668E-01 1.826222367288358E+02 1 2.048740000000000E+01 
2.082409823652383E+02 2.106312980977412E+02 1 2.797590000000000E+01 
-2.110759030345206E+01 -2.176838189030511E+01 1 2.817360000000000E+01 
1.900304017227349E+02 -4.791477690632352E+01 1 3.089090000000000E+01 
-1.317516128840728E+01 5.647321513123907E+01 1 3.673500000000000E+01 
