# input file for alanine 2D (d4-d13)

# optimization
userfn       userfn_2D.py
bounds       -50 310; -50 310
num_tasks    2
kernel       stdp
initpts      2 30
iterpts      50
verbosity    2
W_prior      gaussian
W_priorparam 10.757 4.226

thetaprior gamma
thetapriorparam 2 0.019; 3.3678 9.0204; 3.3678 9.0204
RESULTS:
1.628498663461206E+02 2.023113393065497E+02 0 -2.030054140694255E+05 
2.743327977291766E+01 1.798430457787242E+02 0 -2.030087273752735E+05 
3.291965005865673E+01 1.309518399604421E+02 1 2.611350000000000E+01 
2.783861215189396E+02 -8.375323024256543E+00 1 1.851050000000000E+01 
2.223945328641402E+02 2.453722229132902E+02 1 3.620520000000000E+01 
2.710089184563844E+02 1.657643820611855E+02 1 2.517490000000000E+01 
4.369219783118996E+00 1.156647900760518E+02 1 3.167020000000000E+01 
2.823307070390622E+02 4.088050060471388E+01 1 2.910490000000000E+01 
3.402693896430810E+01 2.943778064935866E+02 1 3.361900000000000E+01 
1.600823769469470E+02 2.862628012067587E+02 1 3.624290000000000E+01 
4.834858112054460E+01 -2.351577224498052E+01 1 2.760590000000000E+01 
-5.666653275261059E+00 2.281233367837391E+02 1 2.720220000000000E+01 
2.085984530144428E+02 1.221462553616876E+02 1 3.249290000000000E+01 
1.220084419810257E+02 8.404076847833919E+01 1 3.386400000000000E+01 
1.948158758502312E+02 7.367403395127017E+00 1 1.827710000000000E+01 
-3.432792559952767E+00 6.217954115394186E+00 1 3.510580000000000E+01 
6.095362912956386E+01 1.810388481440480E+02 1 1.748710000000000E+01 
2.516596165744968E+01 2.530701633153206E+02 1 3.156390000000000E+01 
2.878713414223049E+02 1.176787312120318E+02 1 3.275060000000000E+01 
8.165095950363529E+01 -4.883555120933710E+01 1 3.035040000000000E+01 
2.446701931876230E+02 1.173276101820353E+02 1 3.622750000000000E+01 
-7.718296604278343E+00 -2.561510284108658E+01 1 3.150940000000000E+01 
8.818122328767483E+01 9.905562577971014E+01 1 3.255350000000000E+01 
1.912697884859835E+02 3.038289512476980E+02 1 3.277800000000000E+01 
-1.074693999345801E+01 8.181177309130064E+01 1 3.683400000000000E+01 
2.629580502592961E+02 1.921910991060818E+02 1 2.575320000000000E+01 
1.686886290884449E+02 6.886045723832413E+01 1 2.943180000000000E+01 
-3.577692531050371E+01 9.710361537955583E+01 1 3.545480000000000E+01 
-4.442874017568121E+01 2.842665281508024E+02 1 3.045640000000000E+01 
2.281327147547170E+02 2.906683605935264E+02 1 3.633320000000000E+01 
2.667108889082048E+02 3.044867222572574E+02 1 3.002810000000000E+01 
2.057364754745780E+02 5.348488251315458E+01 1 2.873210000000000E+01 
