# input file for alanine 4D

# optimization
userfn       userfn_4D.py
bounds       -50 310; -50 70; -50 310; -50 310
kernel       stdp
data_sources 2
initpts 2 125
iterpts      100
verbosity    2


RESULTS:
-5.000000000000000E+01 -5.000000000000000E+01 -5.000000000000000E+01 -5.000000000000000E+01 0 3.416900000000000E+01
1.300000000000000E+02 1.000000000000000E+01 1.300000000000000E+02 1.300000000000000E+02 0 3.298980000000000E+01
-5.000000000000000E+01 -5.000000000000000E+01 -5.000000000000000E+01 -5.000000000000000E+01 1 -8.802466732826000E+03
1.300000000000000E+02 1.000000000000000E+01 1.300000000000000E+02 1.300000000000000E+02 1 -8.802391830756000E+03
3.078958079356198E+02 -1.440166822106385E+01 -2.729273814129908E+01 2.148718113365521E+01 1 -8.802634826079000E+03
-5.948364909367658E+00 -1.612381630688262E+01 2.887797590081158E+02 5.997648479951751E+01 1 -8.802229746330000E+03
5.945904231579529E+01 2.472685403189485E+00 -1.300601246740191E+01 4.612177194755883E+00 1 -8.802711906263001E+03
1.143232827914293E+02 1.108995375891651E+00 3.100000000000000E+02 1.495310402061698E+00 1 -8.802287956454000E+03
5.718822603331837E+00 -1.096734464628037E+00 7.576761498240363E-01 -3.416369975334829E+00 1 -8.802618280408000E+03
1.587729454066950E+01 -1.497650715533751E+01 6.851283734667089E+01 2.645490756440130E+02 1 -8.802152929676000E+03
2.768720915610861E+02 3.833137116874275E+00 -2.260519084243688E+00 2.150154423061755E+01 1 -8.802827940196999E+03
3.040978678106708E+02 1.820672722158246E+01 -3.127684275752414E+01 8.240961955667906E+00 1 -8.802695107289999E+03
2.428733378609119E+02 -1.600428944876619E+01 1.594339813146873E+01 1.325220911047024E+01 1 -8.802867085828000E+03
2.529150208875868E+02 -4.826131919583050E+00 1.229463648885864E+00 3.100000000000000E+02 1 -8.802319296586000E+03
-5.000000000000000E+01 -1.285469926579029E+01 4.923971305626137E+01 2.813692021739123E+01 1 -8.802530640183000E+03
2.278999807828314E+02 -7.821549468907550E+00 -1.215420591977710E+00 5.058194078982857E+01 1 -8.802497889761000E+03
3.137277262356636E+01 3.052670305564804E+01 3.100000000000000E+02 5.546670819318263E+00 1 -8.802683555129001E+03
2.348167141124344E+02 1.051023992399279E+01 4.094454769887690E+01 7.071316124030893E+00 1 -8.803048921497000E+03
2.310478277181528E+02 -5.000000000000000E+01 5.107082771821089E+01 5.990668599398040E+00 1 -8.803232620923000E+03
2.409648179542301E+02 4.604310687237933E+01 2.253200213565411E+01 1.133729755802958E+01 1 -8.803062386227000E+03
2.176014211019487E+02 4.710787276047783E+01 9.524996605138534E+01 3.071241697939931E+00 1 -8.803085491123000E+03
1.711775967150313E+02 6.322371709488015E+01 4.792811763243795E+01 8.721001806025843E+00 1 -8.802810591646999E+03
2.533581881802547E+02 -4.246575704073484E+01 1.274230464215151E+02 3.141922627810382E+00 1 -8.802709039834999E+03
2.297889076179312E+02 5.861397316285910E+01 7.407576757724807E+01 3.813046804154335E+01 1 -8.802756153356000E+03
2.156697142925294E+02 -5.000000000000000E+01 6.195355737081642E+01 -2.454086908606014E+01 1 -8.802959548895000E+03
2.207531057482545E+02 6.667989247191198E+01 -4.930695232024846E+01 -4.221775626674899E-01 1 -8.802609879145000E+03
1.999034159941624E+02 -1.390212445301245E+01 8.806592784010864E+01 -7.444902354189140E-01 1 -8.803075303329000E+03
1.789841502167055E+02 1.763057669387168E+01 1.348285473394718E+02 -2.374948720342688E+01 1 -8.802775502617000E+03
6.264854959979050E+01 3.423899979927285E+01 1.029901473821441E+02 1.320431729594830E+00 1 -8.802730211106000E+03
2.709190755837777E+02 4.741230038407511E+01 6.225244908641230E+01 -8.681826938587887E+00 1 -8.803213508923000E+03
2.883221829608404E+02 5.632382858011673E+01 2.721800800408657E+02 1.685791372163566E+02 1 -8.803054638735000E+03
2.179313360991926E+02 5.457940322553379E+01 2.485793463042532E+02 1.946226780481076E+02 1 -8.802948640717001E+03
2.405481685861337E+02 5.267527793534105E+01 -1.763699524203690E+01 1.773805738221898E+02 1 -8.803038420669000E+03
2.838925982418764E+02 5.867030681333621E+00 -5.000000000000000E+01 1.933074004197448E+02 1 -8.802867012324999E+03
2.176989829592712E+02 -3.340267544482575E+01 2.911056950881913E+02 1.530024574540596E+02 1 -8.802702035939001E+03
-7.589481836635848E+00 5.408123816708801E+01 -1.553279603499147E+01 1.726453729310706E+02 1 -8.803004507198000E+03
2.900288147391253E+02 5.523768614404528E+01 7.196559444200248E+01 1.787662658215688E+02 1 -8.803115258340000E+03
-4.291488083165242E+01 5.247893607550269E+01 1.736209535990274E+02 1.875070400191297E+02 1 -8.802983444310999E+03
2.919629142078967E+02 3.774790421350364E+01 2.642383531774459E+01 1.401058745335334E+02 1 -8.802718813347999E+03
2.094446971559038E+02 5.309094898898988E+01 7.849122224407748E+01 2.064615110089350E+02 1 -8.802875005104001E+03
2.987064427460761E+02 -5.000000000000000E+01 9.936692002437413E+00 2.077717322855634E+02 1 -8.802903504312000E+03
5.378205688128509E+01 5.194899785106990E+01 2.572268896735168E+02 1.895166927767349E+02 1 -8.803183868802000E+03
1.106479790512408E+02 4.223261012992818E+01 -3.271057163398633E+01 1.980677597519220E+02 1 -8.802883452327000E+03
1.754389113962849E+01 -2.374499516348463E+01 2.306108756741846E+02 1.771687174323308E+02 1 -8.803109042024000E+03
8.968342555596136E+01 -3.838190592778970E+01 1.986619370335294E+02 2.072870048608095E+02 1 -8.802954574549000E+03
-7.675872082053536E+00 -5.000000000000000E+01 2.561733153612342E+02 2.153656820819678E+02 1 -8.802922622759001E+03
3.989901002390042E+01 -5.000000000000000E+01 9.652277504992033E+01 1.796960076550376E+02 1 -8.803131753291000E+03
3.803474783498650E+01 5.580645707683954E+01 2.208424758463920E+02 1.485116221805538E+02 1 -8.803032655591000E+03
4.879588434613756E+01 2.021545721359089E+01 1.734490714341349E+02 1.863535461173445E+02 1 -8.803091655306000E+03
-1.920616310757341E+01 -4.771676919233586E+00 9.783346581363453E+01 1.796487298706930E+02 1 -8.802962943131000E+03
5.937116199721309E+01 1.210750671226321E+01 2.833344383502798E+02 1.621217832439772E+02 1 -8.802951928623001E+03
1.564687327011211E+02 3.197427402613789E+01 2.246678463984508E+02 2.547264074922384E+02 1 -8.802387568471000E+03
1.165637390398427E+02 -3.110163147648830E+01 4.111204874928185E+01 1.772729962352557E+02 1 -8.803013296071000E+03
2.344886498946743E+02 -3.455919998477531E+01 1.334373876287067E+02 1.729759020108799E+02 1 -8.802956054931999E+03
1.254961644152078E+02 5.562443230207887E+01 2.019348134207102E+02 1.718865291198001E+02 1 -8.803097390962001E+03
4.936805142509161E+01 2.844247142238021E+01 5.401644414264198E+01 1.934253004770358E+02 1 -8.803049135805000E+03
2.730311172968538E+02 5.708684411881769E+01 1.960115293062180E+02 1.062343622993055E+02 1 -8.802311632457000E+03
1.164941226660781E+02 4.293852364288635E+01 1.101309696107506E+02 1.838367113341700E+02 1 -8.803001271016001E+03
7.559303660044662E+01 5.921005428361328E+01 3.027723677145812E+01 1.462521270425398E+02 1 -8.802913227655999E+03
2.120051400011080E+02 8.274356492341399E+00 4.784208706138664E+01 1.783301892544442E+02 1 -8.802893779402000E+03
8.896552906148652E+01 -4.252850048468274E+01 2.752653692464689E+02 1.698188599299736E+02 1 -8.803120394022000E+03
4.676976184672133E+01 -2.174411878975565E+01 -2.925975331967314E+01 1.973410418410397E+02 1 -8.802986022638001E+03
1.319874865725208E+02 -1.677629972537148E+00 2.326953435887533E+02 1.877373075723856E+02 1 -8.802961848823999E+03
2.530923502826136E+02 1.909845083996698E+01 2.030387026437473E+02 1.700343910986364E+02 1 -8.802867423189000E+03
2.614562564910082E+02 -1.015867333867296E+01 1.595059500289204E+02 2.195808833293763E+02 1 -8.802589520181000E+03
7.456388906398782E+01 -2.933986259367790E+01 1.663079881484611E+02 1.662349605699949E+02 1 -8.803071708912999E+03
4.059818103946908E+01 4.495021125872744E+01 1.997282965409355E+02 -4.905031502477455E+01 1 -8.802618770323001E+03
-1.466472586849999E+01 -4.438099880747975E+01 1.118466656163560E+02 1.467494111377752E+02 1 -8.802821017881000E+03
1.909430922521835E+02 6.129725928692339E+01 6.418758396846259E+01 1.606077193791674E+02 1 -8.802988225662000E+03
2.792209201024660E+02 -3.243425902068582E+01 3.094207853318907E+01 1.705962759596619E+02 1 -8.802976138344000E+03
1.040195665230275E+02 5.164276562526383E+01 3.058974365729352E+02 1.034657546858028E+02 1 -8.802266903942000E+03
3.462137356902398E+01 1.162332874621874E+01 2.529656350402792E+02 2.125890087239268E+02 1 -8.802863172910000E+03
1.891805124953377E+02 -3.108813467800136E+01 -3.434852275224925E+01 2.168304626378589E+02 1 -8.802622410350001E+03
3.180660999667827E+01 3.411550113271498E+01 1.006876812587136E+02 1.631357374514143E+02 1 -8.803029120384001E+03
4.705271728195444E+01 6.441371882411778E+01 1.974684397114561E+02 1.787414748954721E+02 1 -8.803224505222999E+03
4.319066230285606E+01 -1.094399048377598E+01 4.223475260410319E+01 1.654156694350398E+02 1 -8.802975789618000E+03
-5.524394198584394E+00 3.409388159053151E+01 2.387818481861904E+02 1.775961961612234E+02 1 -8.803113038265999E+03
6.157562354909103E+01 -5.000000000000000E+01 2.129014443636770E+01 1.853386385213354E+02 1 -8.803181782211001E+03
2.530786791247822E+02 1.424208209184556E+01 9.238815447812878E+01 -1.512659927603733E+01 1 -8.802957674280000E+03
7.845960197986059E+01 3.510895144617064E+01 2.230414122960869E+02 1.720692580965755E+02 1 -8.803134685936000E+03
5.275048959365954E+01 5.887780813639704E+01 3.077644540500050E+01 -2.346939783842866E+01 1 -8.802722609910999E+03
2.799162405531970E+02 6.703792578278689E+01 3.353257404192590E+01 -2.424028712883555E+00 1 -8.803179506254000E+03
2.826307021576054E+02 -3.700674353295437E+01 2.324993470632403E+02 1.849553717837803E+02 1 -8.803001242984999E+03
1.939697393645461E+01 7.000000000000000E+01 2.716250862078751E+02 1.750125422769994E+02 1 -8.803113498331000E+03
5.621354176462515E+01 5.703591568751974E+01 -4.884251753779957E+01 2.555573913854795E+02 1 -8.802412538905999E+03
2.651027798928909E+02 5.679509147131952E+01 6.298691355127725E+01 7.331538605476978E+00 1 -8.803151289953999E+03
1.523098808352607E+02 3.524177319793856E+00 1.477881018010420E+02 3.587951513256968E+01 1 -8.802454623378000E+03
1.656827679248486E+02 -3.893824746652754E+01 1.597353710459170E+02 1.877218981091713E+02 1 -8.803011886906001E+03
-3.664513465479917E+01 5.188596919046014E+01 8.437827663911017E+01 -3.599502666510370E+01 1 -8.802526726058000E+03
2.646707998766620E+01 5.099050101944522E+01 1.258016930358241E+02 2.136966827297540E+02 1 -8.802892161918000E+03
6.068563899597437E+01 -3.393690039457375E+01 2.057840221649848E+02 -8.742158409544713E+00 1 -8.802873282363000E+03
9.810630071716623E+01 -1.967380827244293E+01 1.337749652165818E+02 -3.147710427350814E+01 1 -8.802527601865000E+03
1.553738615085015E+02 5.034434459295127E+01 -4.119979160001486E+01 1.678444654174540E+02 1 -8.802906421661000E+03
9.995803923906281E-01 5.827673945133588E+01 5.167240818528844E+01 1.898935149945335E+02 1 -8.803059480325999E+03
2.826109957892192E+02 4.615442399330678E+01 2.606935580322036E+02 2.479295017336772E+02 1 -8.802450980074000E+03
1.973401051673019E+02 4.169021956419902E+01 1.445235355579508E+02 1.750446195058145E+02 1 -8.803018440372000E+03
2.478318258088521E+02 5.561968195548400E+01 4.167875204656652E+01 -9.422809786087301E+00 1 -8.803134828458000E+03
6.130040127412030E+01 6.967841680979450E+01 1.731379823015742E+02 4.878521135439652E+01 1 -8.802627385952999E+03
-3.426524531237048E+01 -4.638528115338530E+00 2.430067393791156E+02 1.502633560736185E+02 1 -8.802841294235001E+03
3.292691732921478E+01 2.297929130294371E+01 1.062204086692638E+02 9.864841749108278E+01 1 -8.802323137363001E+03
4.444614000553019E+01 -4.685961285302515E+01 2.897026102985645E+01 2.264552749899986E+01 1 -8.802744658604001E+03
2.455614220571335E+02 4.441563755856123E+01 8.371208247638906E+01 1.646537663272227E+02 1 -8.802988703266001E+03
1.248941702700478E+02 -9.751867829408848E+00 7.855999860277463E+01 2.243712020798358E+02 1 -8.802529201957001E+03
5.609219469564720E+01 4.727392836967685E+01 -1.951264301845212E+01 1.742952675363169E+02 1 -8.803179335882000E+03
1.780101567192268E+02 7.000000000000000E+01 2.085516664383397E+02 1.607568334358778E+02 1 -8.803031948270000E+03
7.438351358504113E+01 5.473400315517497E+01 1.446456764733752E+02 1.799459087701694E+02 1 -8.803158360263000E+03
3.054577806273356E+02 2.888214947100101E+01 3.421312316532677E+01 1.868212175013853E+02 1 -8.803011319465000E+03
6.489390917612726E+00 6.065502559126504E+01 1.827144674090427E+02 1.744209837882419E+02 1 -8.803081568599000E+03
1.711666771698927E+02 3.114416415199539E+01 2.244083384665831E+02 1.814966869222830E+02 1 -8.803027543054999E+03
6.716901560951869E+01 -2.272235041316166E+01 2.330306929199520E+02 1.836513566683363E+02 1 -8.803139736646001E+03
4.664273708140350E+01 -2.097458301249115E+01 2.785186594064228E+02 -3.712563116869664E+01 1 -8.802573388995999E+03
-2.825404983880371E+01 -1.857182336670526E+00 2.253059103157881E+02 1.958013718801873E+02 1 -8.802909133204001E+03
2.829940718537733E+02 2.547594745979558E+01 4.661748897256567E+01 -4.982983416739313E+00 1 -8.803141218356001E+03
1.487941331592631E+02 -4.805710833364468E+01 2.499167177158625E+02 1.872074331338009E+02 1 -8.803073114964000E+03
1.529389022968811E+01 -5.000000000000000E+01 1.922950213753044E+02 3.372887176480852E+00 1 -8.802824039390000E+03
8.301197969729334E+01 4.838706221456892E+01 4.345294328447410E+01 1.751837585405358E+02 1 -8.803120202896000E+03
1.232178908804114E+01 3.970073332302632E+01 -3.373444131264404E+01 1.990863952794779E+02 1 -8.802921842901000E+03
2.507249767443902E+02 -4.945740944398919E+01 5.601148674395115E+01 1.915929884339981E+02 1 -8.802980618684000E+03
4.351462357843060E+01 2.283207621723403E+00 1.980061366782277E+02 1.754796744927305E+01 1 -8.802732105839001E+03
1.629561384949854E+02 5.807748836952929E+01 4.069168264740178E+01 1.880708380387993E+02 1 -8.803088169105000E+03
8.033343491655131E+01 6.637178076079610E+01 2.205308519266035E+02 1.791293645744969E+02 1 -8.803206166264001E+03
3.815400136523016E+01 4.114136623262433E+01 2.255742427023172E+02 1.751374934870493E+02 1 -8.803190336006001E+03
-3.781627070961220E+01 7.000000000000000E+01 2.764302071348258E+02 1.847619468427417E+02 1 -8.803128055454999E+03
2.782185527345569E+02 -3.656307980102676E+01 6.162848127666725E+01 -1.354682700157089E+01 1 -8.803115665018000E+03
1.796122326714571E+02 -4.144078024908651E+01 1.954889752789789E+02 -6.308447294438983E+00 1 -8.802770985630999E+03
2.065931799814038E+02 -4.373412698152111E+01 7.691818752311673E+01 5.985252468945267E+00 1 -8.803197747737000E+03
2.032938358590255E+02 -3.182818606093020E+01 1.885801087657972E+02 2.952372520983972E+02 1 -8.802331558886000E+03
