# input file for alanine 2D (d4-d13)

# optimization
userfn       userfn_2D.py
bounds       -50 310; -50 310
num_tasks    2
kernel       stdp
initpts      2 30
iterpts      50
verbosity    2
kappa_fixto  0 0
W_rank       2
W_prior      gaussian
W_priorparam 7.606 4.226


RESULTS:
2.055869975037492E+02 2.763565476205529E+02 0 -2.029885575461959E+05 
2.891619910287923E+02 5.135256594581394E+01 0 -2.029934535517656E+05 
5.405016960891482E+01 1.127183030043138E+01 1 2.511400000000000E+01 
1.693726311690961E+02 2.270792303688628E+02 1 2.829410000000000E+01 
3.048930053049346E+02 4.819223676043860E+01 1 3.279970000000000E+01 
1.715364723248299E+01 2.569826379313263E+02 1 3.254570000000000E+01 
2.666397674542955E+02 4.793620048199455E+01 1 3.107160000000000E+01 
2.185536867001276E+02 2.013554547712944E+02 1 2.752870000000000E+01 
1.562731391974227E+02 -4.608466704324033E+01 1 3.413680000000000E+01 
2.653392512881794E+01 7.614122842158994E+01 1 3.387630000000000E+01 
-2.117198671998219E+01 2.644696881470659E+02 1 3.231740000000000E+01 
1.601845148888347E+02 1.066204586108476E+02 1 3.054870000000000E+01 
1.888462163188532E+02 2.664136593040083E+02 1 3.581600000000000E+01 
2.686686161817211E+01 4.189281858861302E+01 1 3.074600000000000E+01 
2.975451007598014E+01 1.346553109308384E+02 1 2.548320000000000E+01 
1.746323034248250E+02 9.304625695853316E+00 1 1.951000000000000E+01 
8.263854785171145E+01 9.314926072199312E+01 1 3.296670000000000E+01 
3.749219178692709E+01 2.892063385234090E+02 1 3.348460000000000E+01 
-4.700983355913578E+01 2.737840602718858E+02 1 3.110890000000000E+01 
6.270647606877455E+01 -2.873198901855801E+01 1 2.691130000000000E+01 
1.440355267565996E+02 2.700459456347126E+02 1 3.635640000000000E+01 
5.930295207366996E+01 1.812827882622643E+02 1 1.748710000000000E+01 
2.891612861797512E+02 -1.664859314142347E+01 1 1.890390000000000E+01 
-5.000000000000000E+01 9.829295902677583E+01 1 3.506810000000000E+01 
8.725640971396288E+01 2.293280512097361E+02 1 2.614420000000000E+01 
1.238348249707173E+02 2.488969350042736E+02 1 3.306310000000000E+01 
1.967042167303025E+02 5.228554201988430E+01 1 2.729010000000000E+01 
-3.179293256466190E+01 1.375139859105024E+02 1 2.701810000000000E+01 
1.506890966648449E+02 1.798426930003435E+02 1 2.058880000000000E+01 
7.186960486190242E+01 1.545061300115279E+02 1 2.017000000000000E+01 
1.348558302577344E+02 8.274066506699688E+01 1 3.291820000000000E+01 
5.669052916950299E+01 2.543820053104075E+02 1 3.015080000000000E+01 
