# input file for alanine 2D (d4-d13)

# optimization
userfn       userfn_2D.py
bounds       -50 310; -50 310
num_tasks    2
kernel       stdp
initpts      2 30
iterpts      50
verbosity    2
kappa_prior  gamma
kappa_priorparam 2 0.014


RESULTS:
5.202941315961287E+01 -2.413429503551354E+01 0 -2.030003274702254E+05 
2.219559957836541E+02 3.022013469043464E+02 0 -2.029937185664254E+05 
4.611708000716028E+01 2.610092476155326E+02 1 3.149290000000000E+01 
2.747587735160626E+01 1.562624088945963E+01 1 2.870880000000000E+01 
1.261386170501462E+02 5.608629274900827E+01 1 3.218180000000000E+01 
2.921593547765823E+02 2.216137947226141E+02 1 2.629520000000000E+01 
1.057378228586553E+02 -3.025798671723829E+01 1 3.241250000000000E+01 
2.636874510449682E+02 1.324332257865057E+01 1 2.098440000000000E+01 
1.543358462993727E+02 1.625813799568461E+02 1 2.136030000000000E+01 
2.294387573551639E+02 -4.231037551239422E+01 1 2.940560000000000E+01 
4.178729898859235E+01 2.976766415961168E+02 1 3.279310000000000E+01 
2.153241598508121E+02 1.791783249917708E+01 1 2.045730000000000E+01 
9.996355246945070E+01 7.347332421749428E+01 1 3.467780000000000E+01 
6.277867035725995E+01 1.695653739404619E+02 1 1.793430000000000E+01 
-3.018837125453016E+01 1.619495191143425E+01 1 3.174310000000000E+01 
1.257235807076197E+02 2.173132269939997E+02 1 2.584470000000000E+01 
6.584931697604007E+01 -3.561583978624753E+01 1 2.784580000000000E+01 
7.611704550190844E+00 2.476445853446563E+02 1 3.122300000000000E+01 
2.061540459956047E+02 2.279841543830185E+02 1 3.138550000000000E+01 
-9.018581371650226E+00 1.747469287930549E+02 1 2.081020000000000E+01 
1.360130072864166E+01 6.991188185349606E+01 1 3.496640000000000E+01 
2.297104442275962E+02 2.690083195492538E+02 1 3.836600000000000E+01 
2.778157629698874E+02 4.634050413028312E+01 1 3.056500000000000E+01 
-1.594510294633139E+01 1.286417482344732E+02 1 2.931060000000000E+01 
9.660529444914791E+01 1.702496393294616E+02 1 1.965190000000000E+01 
1.326769487117373E+02 2.960593454262192E+02 1 3.687340000000000E+01 
-2.726145354462992E+01 9.449157009171400E+01 1 3.593650000000000E+01 
3.592602215702068E+01 2.062406508161394E+02 1 2.089350000000000E+01 
-4.272845125943390E+01 1.876780925751527E+02 1 2.043910000000000E+01 
1.642022916419180E+02 3.079078983790952E+02 1 3.395360000000000E+01 
5.852717178380600E+01 1.790206245193785E+02 1 1.748930000000000E+01 
2.837976714944595E+02 -1.216759594786697E+01 1 1.856030000000000E+01 
