# input file for alanine 2D (d4-d13)

# optimization
userfn       userfn_2D.py
bounds       -50 310; -50 310
num_tasks    2
kernel       stdp
initpts      2 30
iterpts      50
verbosity    2
kappa_prior  gamma
kappa_priorparam 1 71.428
W_prior      gaussian
W_priorparam 0 8.451
thetaprior gamma
thetapriorparam 2 0.019; 3.3678 9.0204; 3.3678 9.0204

RESULTS:
2.614901767274658E+02 2.144360127967847E+02 0 -2.030012037189963E+05 
2.800498403400458E+02 1.747807359529587E+02 0 -2.030079529754784E+05 
2.495787398558945E+02 2.177056335847218E+02 1 3.085940000000000E+01 
1.723444984329382E+02 1.277821069151062E+02 1 2.752520000000000E+01 
9.201744396799909E+01 4.379674902365499E+01 1 3.379790000000000E+01 
1.326769487117373E+02 2.960593454262192E+02 1 3.687340000000000E+01 
-1.677458695202330E+01 7.005469238413633E+01 1 3.720500000000000E+01 
1.054788241501485E+02 2.547466720816621E+02 1 3.289010000000000E+01 
1.917559016877730E+02 1.766164404082297E+02 1 2.247480000000000E+01 
2.575018250614841E+02 -1.285615633717814E+01 1 2.020530000000000E+01 
1.685083024810820E+02 -9.008855103201370E+00 1 2.344440000000000E+01 
2.701634103738856E+02 1.961415049256395E+02 1 2.515480000000000E+01 
7.274924119373330E+01 1.930558694317788E+02 1 1.841370000000000E+01 
6.031265062752222E+01 1.803180582813742E+02 1 1.748220000000000E+01 
6.526471738424851E+01 1.798672862387857E+02 1 1.753530000000000E+01 
-1.062575635326226E+01 3.856747546700373E+01 1 3.587790000000000E+01 
1.261386170501462E+02 5.608629274900827E+01 1 3.218180000000000E+01 
9.660529444914791E+01 1.702496393294616E+02 1 1.965190000000000E+01 
5.909389129350153E+01 2.751969394186347E+01 1 2.748520000000000E+01 
6.901918317367531E-01 -1.266290249386863E+01 1 3.405120000000000E+01 
2.884105983925995E+02 -3.974231477345596E+00 1 1.862520000000000E+01 
2.047540913649483E+02 -6.225216776585908E+00 1 1.947230000000000E+01 
5.852717178380600E+01 1.790206245193785E+02 1 1.748930000000000E+01 
1.879849851332211E+02 1.079760205334774E+01 1 1.838400000000000E+01 
-2.260211000680513E+01 2.716566132957055E+02 1 3.247790000000000E+01 
2.184707092720171E+02 4.810161808053842E+01 1 2.890190000000000E+01 
2.473700380246186E+02 6.536020293448449E+01 1 3.564850000000000E+01 
1.493967231549906E+02 2.224062119066177E+01 1 2.480030000000000E+01 
3.456303410168882E+01 1.823582402501913E+02 1 1.850000000000000E+01 
1.457836721580074E+02 2.675155427981497E+02 1 3.609410000000000E+01 
1.257235807076197E+02 2.173132269939997E+02 1 2.584470000000000E+01 
3.592602215702068E+01 2.062406508161394E+02 1 2.089350000000000E+01 
