# input file for alanine 2D (d4-d13)

# optimization
userfn       userfn_2D.py
bounds       -50 310; -50 310
num_tasks    2
kernel       stdp
initpts      2 30
iterpts      50
verbosity    2
W_prior      gaussian
W_priorparam 10.757 4.226

thetaprior gamma
thetapriorparam 2 0.019; 3.3678 9.0204; 3.3678 9.0204
RESULTS:
6.221189921785989E+01 1.796058737322805E+02 0 -2.030096480193751E+05 
8.636598005820903E+01 1.783240391290380E+02 0 -2.030090539933130E+05 
-4.412752321650612E+00 1.109476315153236E+02 1 3.305760000000000E+01 
1.965052337010639E+02 -3.130615305312362E+00 1 1.897650000000000E+01 
2.110156921545303E+02 4.249237170105920E+01 1 2.628050000000000E+01 
1.553692735260168E+02 3.100000000000000E+02 1 3.475620000000000E+01 
1.975673657885665E+02 1.114193032578445E+02 1 3.249380000000000E+01 
1.744799215546218E+02 6.995015530055549E+01 1 2.961580000000000E+01 
2.922516170003446E+01 1.928883065939676E+02 1 1.947880000000000E+01 
8.345009458553216E+01 3.685532665735800E+01 1 3.244360000000000E+01 
2.705255026700962E+01 1.218287719743006E+02 1 2.865370000000000E+01 
2.725001976775770E+02 -3.988451583033137E+00 1 1.869910000000000E+01 
1.384080180135375E+02 2.701924055716161E+01 1 2.785080000000000E+01 
1.590272946231200E+01 8.308665979883763E+01 1 3.485120000000000E+01 
1.265588292224571E+02 2.389143101845599E+02 1 3.102980000000000E+01 
-9.895174544739479E+00 1.896413144150697E+02 1 2.087530000000000E+01 
1.848185308167305E+02 1.877409180876138E+02 1 2.209650000000000E+01 
2.451838126877383E+02 -7.978686519305706E+00 1 2.035150000000000E+01 
2.671926457010329E+02 2.002648733932840E+02 1 2.602790000000000E+01 
1.562801609403182E+02 1.746863627211183E+02 1 2.057060000000000E+01 
2.148371656067771E+02 1.850063334500833E+02 1 2.552950000000000E+01 
-5.000000000000000E+01 6.358876363200216E+01 1 3.548960000000000E+01 
8.985787009429659E+01 9.685260860889271E+01 1 3.292320000000000E+01 
2.868005246407056E+02 1.340227831928569E+02 1 2.926980000000000E+01 
5.865593582854856E+01 1.783388471874661E+02 1 1.749660000000000E+01 
5.436193011162300E+01 1.531716826707875E+02 1 2.019850000000000E+01 
3.282701565092726E+01 1.727725191305742E+02 1 1.881380000000000E+01 
1.861787952670997E+02 1.408158334586343E+01 1 1.857230000000000E+01 
6.415413165072511E+01 6.050294613422072E+01 1 3.225230000000000E+01 
8.210785640897009E+01 2.520272292248040E+02 1 3.046910000000000E+01 
1.552881184234113E+02 -1.955160730592957E+00 1 2.565240000000000E+01 
1.964742362079722E+02 2.980887081967800E+02 1 3.394980000000000E+01 
