# input file for alanine 2D (d4-d13)

# optimization
userfn       userfn_2D.py
bounds       -50 310; -50 310
num_tasks    2
kernel       stdp
initpts      2 30
iterpts      50
verbosity    2
kappa_fixto  0 0
W_rank       2
W_prior      gaussian
W_priorparam 7.606 4.226


RESULTS:
2.563158116574983E+01 6.907903513437178E+01 0 -2.029917034680879E+05 
1.979774722845366E+02 4.299402949605808E+00 0 -2.030099844979523E+05 
2.942126455841799E+02 2.702954626170585E+02 1 3.186550000000000E+01 
6.360723782249437E+01 1.719274691876633E+02 1 1.777260000000000E+01 
2.881424421812090E+02 3.123515280568249E+00 1 1.935020000000000E+01 
-1.072910223698153E+01 3.725913699479619E+01 1 3.584420000000000E+01 
4.532579889731973E+01 1.783477179764115E+02 1 1.785330000000000E+01 
9.357338025835323E+01 -4.350478668269550E+01 1 3.112160000000000E+01 
1.849482367308204E+02 2.765291121015205E+02 1 3.588190000000000E+01 
5.719249949505392E+01 2.718604267638894E+00 1 2.465610000000000E+01 
1.211088710237853E+02 1.874618232611363E+02 1 2.087780000000000E+01 
2.442660460322012E+02 1.952378269570912E+02 1 2.764670000000000E+01 
1.138445177962234E+02 -8.513208852597710E+00 1 3.462850000000000E+01 
7.603211484224127E+01 1.809630239219242E+02 1 1.793040000000000E+01 
1.410048878959512E+02 1.188492526966605E+02 1 2.939280000000000E+01 
1.073540748220248E+02 1.435878244613145E+02 1 2.436060000000000E+01 
2.756253705703154E+02 1.914820616482421E+02 1 2.400130000000000E+01 
1.137847447913782E+02 2.962702187834780E+02 1 3.557390000000000E+01 
2.453850643364401E+02 1.490670006127394E+02 1 3.003710000000000E+01 
1.015732647317448E+01 1.195283899321261E+01 1 3.316120000000000E+01 
1.475352898381933E+02 2.601956093294963E+02 1 3.519020000000000E+01 
1.196245042923084E+02 5.321844934886265E+01 1 3.287810000000000E+01 
-1.435642159845019E+01 2.178717785481932E+02 1 2.488500000000000E+01 
1.616576354407880E+02 -5.000000000000000E+01 1 3.396220000000000E+01 
2.832148251151111E+02 9.125261049773049E+01 1 3.639190000000000E+01 
2.720575698064810E+02 1.209308303241365E+02 1 3.365610000000000E+01 
2.302399631983290E+02 1.042226376807255E+01 1 2.044310000000000E+01 
5.456827985954445E+01 3.029960476205387E+02 1 3.129180000000000E+01 
-2.007298252622131E+01 -4.515530711285112E+01 1 2.928680000000000E+01 
2.330029550240945E+02 4.619026137870272E+01 1 2.986510000000000E+01 
1.171669540498454E+02 1.003706071811139E+02 1 3.295560000000000E+01 
7.758852018580659E+00 1.904854564759949E+02 1 2.057830000000000E+01 
