# input file for alanine 2D (d4-d13)

# optimization
userfn       userfn_2D.py
bounds       -50 310; -50 310
num_tasks    2
kernel       stdp
initpts      2 30
iterpts      50
verbosity    2
kappa_prior  gamma
kappa_priorparam 1 71.428
W_prior      gaussian
W_priorparam 0 8.451
thetaprior gamma
thetapriorparam 2 0.019; 3.3678 9.0204; 3.3678 9.0204

RESULTS:
3.324164713693468E+01 1.753667129377623E+02 0 -2.030088431219609E+05 
1.742556139516655E+02 2.970901500521604E+02 0 -2.029902877138636E+05 
-4.031718221745778E+01 -2.492038651749074E+01 1 2.306900000000000E+01 
8.426861760648335E+01 -3.504936554423029E+01 1 2.885490000000000E+01 
2.406377507166609E+02 1.965832648673229E+02 1 2.789490000000000E+01 
-2.076455013044228E+01 7.547669073664918E+01 1 3.721720000000000E+01 
2.215778530737927E+02 2.729366961265546E+02 1 3.805350000000000E+01 
2.506101090168108E+02 2.802219807824365E+02 1 3.675200000000000E+01 
2.167340864770383E+02 1.709811920579402E+02 1 2.585100000000000E+01 
1.851658068092819E+02 3.058302490324248E+02 1 3.251770000000000E+01 
9.843579010183149E+01 2.815589562817524E+02 1 3.433460000000000E+01 
1.277079140824911E+02 2.720233833860508E+02 1 3.637420000000000E+01 
-2.280518843955575E+01 1.617466869043319E+02 1 2.209020000000000E+01 
1.219255265293089E+02 6.431431929904882E+01 1 3.331490000000000E+01 
1.174187701586873E+02 2.380412149782230E+02 1 3.044390000000000E+01 
2.771610287598316E+01 1.055839075432761E+02 1 3.173200000000000E+01 
2.714729563049988E+02 2.094245460376468E+01 1 2.280030000000000E+01 
-4.381092575937697E+01 1.825685733246522E+02 1 2.035150000000000E+01 
3.084272206329084E+02 9.747549644827748E+01 1 3.515740000000000E+01 
1.355460270801158E+02 1.465354653090490E+02 1 2.405680000000000E+01 
2.750755546304471E+02 2.931538169638686E+02 1 3.149160000000000E+01 
2.843910562630923E+02 -1.040406627060263E+01 1 1.847100000000000E+01 
2.053853085541802E+02 2.156157238756860E+02 1 2.863550000000000E+01 
1.796992862543015E+02 -6.209014474266795E+00 1 2.068730000000000E+01 
6.060758355177290E+01 1.802158781720735E+02 1 1.748270000000000E+01 
2.453442246077477E+00 1.310193882624974E+02 1 2.825460000000000E+01 
1.862238489594382E+02 3.458287870430119E+01 1 2.186820000000000E+01 
6.063169792778387E+01 1.777763526673244E+02 1 1.750500000000000E+01 
7.330135205387477E+01 3.655617654790100E+01 1 3.077790000000000E+01 
1.738019547216506E+02 2.319370585608023E+02 1 2.956590000000000E+01 
7.781142783495373E+01 1.096887148106089E+02 1 3.026570000000000E+01 
2.940777174213148E+02 7.134643370443902E+01 1 3.550400000000000E+01 
