# input file for alanine 2D (d4-d13)

# optimization
userfn       userfn_2D.py
bounds       -50 310; -50 310
num_tasks    2
kernel       stdp
initpts      2 30
iterpts      50
verbosity    2



RESULTS:
5.063572385527724E+01 6.506825622654715E+01 0 -2.029922993032162E+05 
9.169219904284456E+01 2.254909788163379E+02 0 -2.029993844186956E+05 
-1.889400953818665E+01 1.978287731162613E+02 1 2.150050000000000E+01 
2.400667292540456E+02 7.260599171512061E+00 1 2.040290000000000E+01 
2.410952072934789E+02 2.734622343260214E+02 1 3.801580000000000E+01 
5.983166415195011E+01 2.370469726997866E+02 1 2.673750000000000E+01 
7.885749001457349E+01 1.595251734211883E+02 1 1.968680000000000E+01 
-2.236348742225876E+00 7.511404838381942E+01 1 3.653160000000000E+01 
-6.794211936466442E+00 3.614681494529176E+01 1 3.553060000000000E+01 
7.181283655437946E+01 -3.990087300689417E+01 1 2.852260000000000E+01 
-2.956391468078431E+01 1.544472899317322E+02 1 2.325890000000000E+01 
2.645545737578345E+02 6.926206809426100E+01 1 3.605560000000000E+01 
1.107254753373370E+02 1.692763295531058E+01 1 3.439430000000000E+01 
2.821134736455554E+02 -4.509361076544504E+00 1 1.846530000000000E+01 
3.100000000000000E+02 -8.213303321851058E+00 1 2.107340000000000E+01 
1.740476503428626E+02 2.864761229007437E+02 1 3.555950000000000E+01 
1.294966606088838E+02 2.260740969659130E+02 1 2.802270000000000E+01 
2.477525300635885E+01 9.891580933006537E+01 1 3.289940000000000E+01 
5.845553000070480E+01 1.806544939123415E+02 1 1.748580000000000E+01 
1.920970648660485E+02 8.531184703149115E+00 1 1.827930000000000E+01 
1.527561238803610E+02 1.813657581154349E+01 1 2.393460000000000E+01 
3.241840980295920E+01 5.144585697698759E+01 1 3.135140000000000E+01 
1.798658395398555E+02 2.399341960792678E+02 1 3.159990000000000E+01 
1.100524956602173E+02 1.800898688382389E+02 1 2.015310000000000E+01 
2.291360413572720E+02 2.012825077614235E+02 1 2.831050000000000E+01 
2.522439377639005E+02 -4.668879674518096E+00 1 1.981820000000000E+01 
-2.878953113212205E+01 2.391466653349082E+02 1 2.868790000000000E+01 
1.989235138351117E+02 6.243888778135084E+00 1 1.834930000000000E+01 
2.002181492622130E+02 2.068129341493961E+02 1 2.629250000000000E+01 
1.942248287698588E+02 9.011020639391492E+01 1 3.312520000000000E+01 
6.345146789551541E+01 1.843861406708284E+02 1 1.757570000000000E+01 
3.054454771108880E+02 2.649489244506244E+02 1 3.122550000000000E+01 
