# input file for alanine 2D (d4-d13)

# optimization
userfn       userfn_2D.py
bounds       -50 310; -50 310
num_tasks    2
kernel       stdp
initpts      2 30
iterpts      50
verbosity    2
W_prior      gaussian
W_priorparam 10.757 4.226

thetaprior gamma
thetapriorparam 2 0.019; 3.3678 9.0204; 3.3678 9.0204
RESULTS:
1.437766142818462E+02 2.886209085838460E+02 0 -2.029888451999085E+05 
2.665768975523933E+02 1.636831879244285E+02 0 -2.030060931179815E+05 
-1.571298310598059E+01 1.060863187968415E+02 1 3.424280000000000E+01 
4.978995345457092E+01 1.738074312063821E+02 1 1.781260000000000E+01 
1.065555803175835E+02 3.928594146590076E+01 1 3.388270000000000E+01 
1.514670135335772E+02 1.651794717827517E+02 1 2.113100000000000E+01 
1.595671918578579E+02 8.672106624685831E+01 1 3.135640000000000E+01 
7.758008885333449E+01 1.081971526424419E+02 1 3.052780000000000E+01 
2.850918848917798E+01 3.054703361654334E+02 1 3.355280000000000E+01 
8.240034017995133E+01 2.357566626195629E+02 1 2.725570000000000E+01 
-2.979654086933299E+01 2.341127119248390E+02 1 2.770560000000000E+01 
2.142324318360558E+02 1.986258176225099E+02 1 2.669000000000000E+01 
1.515171164141604E+02 2.221648242414270E+02 1 2.705670000000000E+01 
6.334107242935384E+01 1.886227239437212E+02 1 1.778350000000000E+01 
1.872122579493702E+02 2.983499795123095E+02 1 3.387240000000000E+01 
1.013672127099172E+02 -4.905304792590726E+00 1 3.250120000000000E+01 
2.821897364639446E+02 1.149979017011972E+02 1 3.375670000000000E+01 
1.619851392471058E+02 1.866857657327407E+02 1 2.088380000000000E+01 
2.729925321899350E+02 -4.652949493435312E+01 1 2.673440000000000E+01 
-3.621554282310746E+00 1.867584556759756E+02 1 2.068610000000000E+01 
7.026872129298049E+01 1.782542109028080E+02 1 1.768820000000000E+01 
2.517783430588385E+01 2.158199956706542E+02 1 2.351790000000000E+01 
2.856726833674995E+02 -4.358530864618099E+00 1 1.851290000000000E+01 
1.274420964298336E+02 1.200477913875314E+02 1 2.960870000000000E+01 
1.480431691639071E+01 7.365515932215988E+01 1 3.496460000000000E+01 
1.522632539345551E+02 1.680807692666869E+01 1 2.411770000000000E+01 
2.622590325434911E+02 2.160718132984173E+02 1 2.921900000000000E+01 
-4.540804286791045E+01 2.828446107103952E+02 1 3.056040000000000E+01 
2.078958070131404E+02 -1.247015092663328E+01 1 2.067050000000000E+01 
1.487785116529356E+02 -4.354515427178805E+01 1 3.483150000000000E+01 
2.514626633410400E+02 1.199670257196447E+02 1 3.557610000000000E+01 
2.962288520797234E+02 2.534740176264748E+02 1 3.106050000000000E+01 
