# input file for alanine 2D (d4-d13)

# optimization
userfn       userfn_2D.py
bounds       -50 310; -50 310
num_tasks    2
kernel       stdp
initpts      2 30
iterpts      50
verbosity    2
kappa_fixto  0 0
W_rank       2
W_prior      gaussian
W_priorparam 7.606 4.226
thetaprior gamma
thetapriorparam 2 0.019; 3.3678 9.0204; 3.3678 9.0204

RESULTS:
-4.106199288810231E+00 2.940774601505155E+02 0 -2.029906749723015E+05 
2.613655880021154E+02 2.150405136704460E+02 0 -2.030010169608714E+05 
-2.945710356804431E+01 2.035408049474451E+00 1 2.892510000000000E+01 
1.726319838045582E+02 2.061540816355336E+02 1 2.375640000000000E+01 
6.134768295278533E+01 1.808705707926204E+02 1 1.748790000000000E+01 
9.456336857030340E+01 -4.851488535445272E+01 1 3.180790000000000E+01 
5.971720611476171E+01 -4.721820698607808E+01 1 2.979200000000000E+01 
-5.000000000000000E+01 2.732717867817134E+02 1 3.110700000000000E+01 
1.577842539333380E+02 1.314451648649854E+02 1 2.659050000000000E+01 
6.673541434631254E+01 1.760644673433216E+02 1 1.763330000000000E+01 
2.602404140819754E+02 1.835344763916025E+02 1 2.565790000000000E+01 
2.252271325366768E+02 1.662547418971414E+02 1 2.704430000000000E+01 
1.391700998197170E+02 2.032832414762433E+02 1 2.306110000000000E+01 
3.131654097968707E+01 1.689636830579990E+01 1 2.789380000000000E+01 
2.557408713053716E+02 1.226934003281716E+02 1 3.482270000000000E+01 
1.909579016438989E+02 2.696326092593157E+02 1 3.606090000000000E+01 
-5.637563819200381E+00 -4.673547151639524E+01 1 3.203530000000000E+01 
2.590826506244237E+02 1.510926123379678E+02 1 2.876600000000000E+01 
2.680606678472414E+02 2.544840291076413E+02 1 3.472370000000000E+01 
5.809729608769180E+01 9.075838805396394E+01 1 3.216780000000000E+01 
1.549245915438394E+02 -1.796754484789531E+01 1 2.935680000000000E+01 
3.613426682839248E+01 6.948981739631098E+01 1 3.285510000000000E+01 
4.582335379858628E+01 1.715361577480495E+02 1 1.810390000000000E+01 
2.801628168972437E+02 1.096990010064326E+02 1 3.483200000000000E+01 
2.471168345704219E+02 -3.019558909877228E+01 1 2.487750000000000E+01 
2.258986857741883E+01 1.959917332647574E+02 1 2.026970000000000E+01 
-6.017483003653727E+00 6.804564650821911E+01 1 3.672190000000000E+01 
1.299042366363517E+02 5.889316365623094E+00 1 3.246610000000000E+01 
1.903948409481227E+02 1.574281704765005E+02 1 2.377750000000000E+01 
2.022201354125872E+02 2.947982954545620E+02 1 3.471620000000000E+01 
5.680050455259595E+01 1.848216598619749E+02 1 1.758380000000000E+01 
7.717123712746884E+01 6.582786354849617E+01 1 3.354040000000000E+01 
