# input file for alanine 2D (d4-d13)

# optimization
userfn       userfn_2D.py
bounds       -50 310; -50 310
num_tasks    2
kernel       stdp
initpts      2 30
iterpts      50
verbosity    2
kappa_prior  gamma
kappa_priorparam 1 71.428
W_prior      gaussian
W_priorparam 0 8.451


RESULTS:
2.170549113431827E+02 2.546186964080117E+02 0 -2.029896398963356E+05 
1.398695456089172E+02 2.996322310840919E+02 0 -2.029898945471052E+05 
9.407698078970835E+00 -1.602001959296699E+01 1 3.400850000000000E+01 
1.327199936800830E+02 2.124158653109213E+02 1 2.486400000000000E+01 
2.630456874937505E+02 2.850448920298275E+02 1 3.460800000000000E+01 
1.656854698348223E+02 1.797854124021711E+02 1 2.065150000000000E+01 
5.913256563921752E+01 1.806577778935402E+02 1 1.748340000000000E+01 
2.918870398518268E+02 8.184156981168533E+01 1 3.609280000000000E+01 
1.959606865696133E+02 9.356316904763482E+01 1 3.339700000000000E+01 
1.937304198302870E+02 4.892869860443285E+00 1 1.832320000000000E+01 
3.091661247443738E+02 -7.314369467354479E+00 1 2.097460000000000E+01 
2.001334719179693E+02 1.750996544665909E+02 1 2.354690000000000E+01 
8.489832455125138E+01 1.991732519624883E+02 1 1.985200000000000E+01 
2.822187407427470E+02 1.723564775723177E+01 1 2.202370000000000E+01 
1.276256370004436E+02 3.103551456970685E+01 1 3.065370000000000E+01 
1.122816890989202E+02 -4.213314523334038E+00 1 3.462830000000000E+01 
-2.700098113195135E+01 1.178310177635278E+02 1 3.183690000000000E+01 
1.779647361112286E+02 1.472512132701801E+02 1 2.419400000000000E+01 
2.791807270060619E+02 -4.699134847558621E+00 1 1.848380000000000E+01 
1.988007587110504E+02 2.223581675432245E+02 1 2.932270000000000E+01 
1.200465777517231E+02 1.366672679930705E+02 1 2.616840000000000E+01 
2.600402869817844E+02 1.392667573919100E+02 1 3.104080000000000E+01 
4.646461151223715E+01 3.064753630182234E+02 1 3.166090000000000E+01 
-2.219445612108688E+00 1.387882414647074E+02 1 2.657970000000000E+01 
1.772151996505687E+01 9.405141634152936E+01 1 3.402820000000000E+01 
2.304900240467289E+02 1.891515967194725E+02 1 2.707970000000000E+01 
-5.000000000000000E+01 2.393914488402355E+02 1 2.844730000000000E+01 
2.000054049054858E+02 6.262257798964672E+01 1 3.025550000000000E+01 
1.092946117114827E+02 -5.000000000000000E+01 1 3.412410000000000E+01 
9.036773540290547E+01 -2.119196083305822E+01 1 2.888700000000000E+01 
1.461990626542843E+02 1.487298445099158E+02 1 2.345460000000000E+01 
-3.827683378833841E+01 1.443322221351504E+02 1 2.534000000000000E+01 
