# input file for alanine 2D (d4-d13)

# optimization
userfn       userfn_2D.py
bounds       -50 310; -50 310
num_tasks    2
kernel       stdp
initpts      2 30
iterpts      50
verbosity    2
kappa_prior  gamma
kappa_priorparam 2 0.014
thetaprior gamma
thetapriorparam 2 0.019; 3.3678 9.0204; 3.3678 9.0204

RESULTS:
3.100000000000000E+02 -4.076883183240153E+01 0 -2.030016150157594E+05 
1.488944970262436E+02 2.529842375099300E+02 0 -2.029911233305361E+05 
1.186605420817993E+02 5.294627479923689E+00 1 3.460540000000000E+01 
-3.066678064780957E+01 2.858102961040067E+02 1 3.124900000000000E+01 
-3.387780199527309E+01 1.853399893450950E+02 1 2.039190000000000E+01 
1.631484066781562E+02 5.454551894132226E+01 1 2.702380000000000E+01 
1.876927351093644E+02 1.521297134285420E+00 1 1.873470000000000E+01 
2.371733591973976E+02 2.109688111649604E+02 1 3.008650000000000E+01 
2.127526244517870E+02 2.228701911056494E+02 1 3.100300000000000E+01 
1.475985238444925E+02 8.766256068402004E+01 1 3.199660000000000E+01 
-3.825063842870574E+01 2.528558010055786E+02 1 3.041800000000000E+01 
7.690366075158158E+01 -1.244246679933438E+01 1 2.617940000000000E+01 
1.133982212006445E+02 1.169829311433677E+02 1 3.032070000000000E+01 
-1.571083627090269E+01 -1.816067030921105E+01 1 3.006040000000000E+01 
6.490942762587267E+01 1.763832633306478E+02 1 1.758450000000000E+01 
1.289147569553367E+02 2.954554062859572E+02 1 3.677640000000000E+01 
5.952187146043937E+01 1.804960584871048E+02 1 1.748220000000000E+01 
1.029596198457400E+02 1.929724113487266E+02 1 2.043360000000000E+01 
1.625584335499834E+02 1.772080326067403E+02 1 2.057620000000000E+01 
1.965816916700333E+02 1.151481856834913E+02 1 3.187520000000000E+01 
9.316470700802067E+01 -5.000000000000000E+01 1 3.177820000000000E+01 
8.878393104245662E+01 1.332013499308313E+02 1 2.570210000000000E+01 
-4.214168152678181E+01 3.542817751365017E+01 1 3.249140000000000E+01 
2.101181426398768E+02 -8.055862610005603E+00 1 1.990370000000000E+01 
1.742596280027636E+02 1.387161314714824E+01 1 1.950500000000000E+01 
2.633236610904191E+02 1.325525187178702E+02 1 3.215650000000000E+01 
3.192174054207539E+01 1.861072155388510E+02 1 1.880280000000000E+01 
3.100000000000000E+02 -4.228778554496076E+01 1 2.422220000000000E+01 
8.968115878926124E+00 2.892849590596687E+02 1 3.451470000000000E+01 
1.465393254332028E+02 -3.851908890228210E+00 1 2.896430000000000E+01 
5.591358769744662E+01 1.492626986703662E+02 1 2.092910000000000E+01 
4.474414118344442E+01 9.778867375590387E+01 1 3.169090000000000E+01 
