# input file for alanine 2D (d4-d13)

# optimization
userfn       userfn_2D.py
bounds       -50 310; -50 310
num_tasks    2
kernel       stdp
initpts      2 30
iterpts      50
verbosity    2
kappa_fixto  0 0
W_rank       2
W_prior      gaussian
W_priorparam 7.606 4.226
thetaprior gamma
thetapriorparam 2 0.019; 3.3678 9.0204; 3.3678 9.0204

RESULTS:
-2.286325105635005E+01 1.406393286703027E+02 0 -2.030010850928433E+05 
1.347927345483496E+01 1.634414775870393E+02 0 -2.030065638639272E+05 
7.758008885333449E+01 1.081971526424419E+02 1 3.052780000000000E+01 
1.929874568880702E+02 2.296700712050417E+02 1 3.034240000000000E+01 
1.986527105010093E+01 -2.322686674476826E+01 1 3.303720000000000E+01 
1.255071437479671E+02 7.608603661920864E+01 1 3.355290000000000E+01 
5.134976013366489E+01 2.629643819813786E+02 1 3.148360000000000E+01 
1.851874028815431E+02 5.992735151955551E+01 1 2.813640000000000E+01 
1.084941747232970E+02 2.202532142182101E+02 1 2.569640000000000E+01 
-3.621554282310746E+00 1.867584556759756E+02 1 2.068610000000000E+01 
2.856726833674995E+02 -4.358530864618099E+00 1 1.851290000000000E+01 
9.082060664929421E+01 1.604422231876978E+02 1 2.031910000000000E+01 
7.026872129298049E+01 1.782542109028080E+02 1 1.768820000000000E+01 
2.078958070131404E+02 -1.247015092663328E+01 1 2.067050000000000E+01 
6.714680631472459E+01 -3.121703521811200E+01 1 2.718440000000000E+01 
6.431072237727011E+01 2.941041539371270E+02 1 3.167820000000000E+01 
9.130066133250561E+01 7.582047895229114E+01 1 3.443980000000000E+01 
-2.490038421660887E+01 3.996054586159985E+01 1 3.573960000000000E+01 
1.955060604463372E+02 6.311784585160884E+00 1 1.828980000000000E+01 
1.487785116529356E+02 -4.354515427178805E+01 1 3.483150000000000E+01 
-2.518576259491472E+01 3.100000000000000E+02 1 2.893320000000000E+01 
6.334107242935384E+01 1.886227239437212E+02 1 1.778350000000000E+01 
1.071601929288549E+01 1.308482337063296E+02 1 2.781740000000000E+01 
1.696343630515558E+02 2.630490249049057E+02 1 3.511940000000000E+01 
2.281904657290328E+02 1.522348193753018E+02 1 2.911910000000000E+01 
1.328010721583365E+02 2.815891971405799E+02 1 3.698370000000000E+01 
2.907284004850648E+02 1.922363225347410E+02 1 2.215780000000000E+01 
2.543621350361658E+02 2.318708612440532E+01 1 2.356710000000000E+01 
6.015542380095307E+01 1.808723975236461E+02 1 1.748380000000000E+01 
1.274420964298336E+02 1.200477913875314E+02 1 2.960870000000000E+01 
-5.000000000000000E+01 1.153392670725904E+02 1 3.221500000000000E+01 
8.907216598445329E+01 2.721913610910170E+02 1 3.321800000000000E+01 
