# input file for alanine 2D (d4-d13)

# optimization
userfn       userfn_2D.py
bounds       -50 310; -50 310
num_tasks    2
kernel       stdp
initpts      2 30
iterpts      50
verbosity    2
kappa_fixto  0 0
W_rank       2
W_prior      gaussian
W_priorparam 7.606 4.226
thetaprior gamma
thetapriorparam 2 0.019; 3.3678 9.0204; 3.3678 9.0204

RESULTS:
5.270873363473046E+01 2.850774490960151E+02 0 -2.029906679419481E+05 
2.532991423531904E+02 7.102044034544864E+00 0 -2.030112119752312E+05 
2.776194683580972E+01 4.926358234060832E+01 1 3.154760000000000E+01 
1.347063051302113E+02 1.177018702151152E+02 1 2.982950000000000E+01 
2.932416513087815E+02 -6.538766872361735E+00 1 1.877860000000000E+01 
1.697272561134881E+02 1.827646615571398E+02 1 2.085340000000000E+01 
2.045042458164112E+02 1.495335125365718E+01 1 1.912580000000000E+01 
2.037617165362886E+02 1.784799086580802E+02 1 2.398550000000000E+01 
1.853511661348939E+02 2.736327032652637E+02 1 3.589990000000000E+01 
1.894716748937049E+02 7.659701256162015E+01 1 3.151890000000000E+01 
2.450199137941228E+02 1.300633165062841E+02 1 3.385580000000000E+01 
-1.602654984114017E+01 1.571807312927918E+02 1 2.287780000000000E+01 
4.233215696349819E+01 1.851900090280153E+02 1 1.809680000000000E+01 
1.553241627286023E+02 -1.438877170987668E+01 1 2.842660000000000E+01 
2.015017222346084E+02 2.461088467466661E+02 1 3.448050000000000E+01 
8.165677742246244E+01 1.897182030476089E+02 1 1.861430000000000E+01 
1.878809094598860E+01 2.922786635984482E+02 1 3.449710000000000E+01 
1.109364799070528E+02 1.628521990501410E+02 1 2.119850000000000E+01 
2.025167546710502E+02 5.240415853776171E+01 1 2.801730000000000E+01 
1.036487761480338E+01 -3.632617120435923E+01 1 3.353940000000000E+01 
1.107541790748198E+02 -2.395411648070976E+01 1 3.342780000000000E+01 
2.331936278492194E+02 2.618088136373752E+02 1 3.824470000000000E+01 
1.347019208582439E+01 2.587363888394996E+02 1 3.289610000000000E+01 
2.275749808149610E+02 -2.714733981125174E+01 1 2.475010000000000E+01 
2.304591494103473E+02 8.525461744973920E+01 1 3.760640000000000E+01 
4.324343485514642E+01 -4.495408721579302E+01 1 3.116290000000000E+01 
3.082076494036428E+02 2.757274999973092E+02 1 3.100870000000000E+01 
1.466687515048170E+02 -4.567491205369816E+01 1 3.528660000000000E+01 
1.094926650317851E+02 3.844257081052228E+01 1 3.367050000000000E+01 
-2.732392870129872E+01 2.471523559541074E+02 1 3.009030000000000E+01 
1.619505265501636E+02 2.441707844145066E+02 1 3.213680000000000E+01 
-2.110759030345206E+01 -2.176838189030511E+01 1 2.817360000000000E+01 
