# input file for alanine 2D (d4-d13)

# optimization
userfn       userfn_2D.py
bounds       -50 310; -50 310
num_tasks    2
kernel       stdp
initpts      2 30
iterpts      50
verbosity    2



RESULTS:
-3.866250725853335E+01 8.069231733806791E+01 0 -2.029886598709661E+05 
9.731353659792038E+00 2.919245434689133E+02 0 -2.029894541611506E+05 
2.949193811936509E+02 8.796730451429255E-01 1 1.961310000000000E+01 
2.540784013448559E+02 1.312083191234050E+02 1 3.322650000000000E+01 
1.754990374510088E+01 4.136345713507081E+01 1 3.209400000000000E+01 
-3.536225831560602E+01 2.977416115358948E+02 1 2.934800000000000E+01 
9.376090236793816E+01 -4.715731205933763E+01 1 3.154670000000000E+01 
1.529594907030896E+02 1.404088798100763E+02 1 2.488630000000000E+01 
5.883576491560854E+01 1.803544142653215E+02 1 1.748340000000000E+01 
-5.000000000000000E+01 -2.549012338271555E+01 1 2.139580000000000E+01 
7.206219491719679E+01 1.768985679467478E+02 1 1.778470000000000E+01 
2.132355726880950E+01 7.967461600459563E+01 1 3.438920000000000E+01 
2.492633347033891E+02 9.197290825565017E+01 1 3.844500000000000E+01 
2.782023921713567E+02 -4.171968279802350E+00 1 1.851480000000000E+01 
2.767416077228943E+02 1.524934628991030E+02 1 2.644550000000000E+01 
1.858508817691024E+02 2.672324345229473E+02 1 3.572200000000000E+01 
-2.483577099698403E+01 -3.201606449002228E+00 1 2.942780000000000E+01 
1.454861032233585E+02 9.289594904807042E+01 1 3.206620000000000E+01 
1.996943596283228E+02 2.926013117591162E+02 1 3.498660000000000E+01 
1.957208938659497E+02 -2.090454971689442E+01 1 2.286930000000000E+01 
2.941511472781592E+02 1.165250156217394E+02 1 3.252750000000000E+01 
1.616041780648296E+02 2.336399319529290E+02 1 2.977720000000000E+01 
2.156046722964890E+02 8.345402010747522E+01 1 3.577260000000000E+01 
1.287155897009447E+02 3.079410411028755E+02 1 3.621730000000000E+01 
5.936691832938560E+01 1.786407171155427E+02 1 1.749080000000000E+01 
1.154893836537374E+02 -1.564462054138751E+01 1 3.452280000000000E+01 
1.689220373921362E+02 1.690089908462194E+02 1 2.099360000000000E+01 
2.815250862205214E+02 3.075969266765761E+02 1 2.731760000000000E+01 
2.048306499702468E+02 1.286524843102895E+02 1 3.078950000000000E+01 
1.643477653088297E+02 6.079039322830491E+01 1 2.817190000000000E+01 
-3.638248680534727E+00 -3.355741120683515E+01 1 3.204090000000000E+01 
1.951679708151493E+02 1.670616232309041E+01 1 1.883000000000000E+01 
