# input file for alanine 2D (d4-d13)

# optimization
userfn       userfn_2D.py
bounds       -50 310; -50 310
num_tasks    2
kernel       stdp
initpts      2 30
iterpts      50
verbosity    2
kappa_prior  gamma
kappa_priorparam 2 0.014
thetaprior gamma
thetapriorparam 2 0.019; 3.3678 9.0204; 3.3678 9.0204

RESULTS:
3.957161806288656E+01 1.762262907190897E+02 0 -2.030091435373311E+05 
-3.964079550856192E+01 1.062632522213548E+01 0 -2.029965790658256E+05 
6.531147262869293E+01 7.699418949644370E+01 1 3.293940000000000E+01 
-4.908519001046767E+01 2.741080014515555E+01 1 2.916450000000000E+01 
1.324760652809320E+02 2.073353452101261E+02 1 2.380750000000000E+01 
-3.439354319412435E+01 2.086684005366319E+02 1 2.271270000000000E+01 
1.279002650776654E+02 2.518715660852775E+02 1 3.376680000000000E+01 
7.615559884127070E+01 1.822189985767956E+02 1 1.795120000000000E+01 
2.564212196577000E+02 1.975605915221801E+02 1 2.701250000000000E+01 
3.092675459958716E+02 1.119088247580458E+02 1 3.290900000000000E+01 
2.627691219706596E+02 -3.169328691996732E+01 1 2.375940000000000E+01 
2.499535287803631E+02 9.451079920930006E+01 1 3.840010000000000E+01 
2.956827178593082E+02 2.728656289205740E+02 1 3.166540000000000E+01 
2.079822799885934E+02 5.262490197421422E+00 1 1.873550000000000E+01 
1.233875669847115E+02 1.129542516124479E+02 1 3.099540000000000E+01 
2.102635411066679E+02 1.613993588665778E+02 1 2.589240000000000E+01 
1.773205866288203E+02 1.889187042065189E+02 1 2.160580000000000E+01 
2.382201948399854E+02 -6.129783764691211E+00 1 2.033890000000000E+01 
2.066588946450730E+02 -1.839747396835759E+01 1 2.205780000000000E+01 
2.440701782626842E+02 2.278509704763661E+02 1 3.321410000000000E+01 
-6.261801014948133E+00 1.951134118252119E+02 1 2.131060000000000E+01 
8.262902837511373E+00 3.098420530942889E+02 1 3.371930000000000E+01 
2.864958121766634E+02 8.289676538136659E+01 1 3.628180000000000E+01 
1.514886658347116E+02 6.277574458296991E+01 1 2.955080000000000E+01 
1.163862766642037E+02 1.414300961451932E+02 1 2.509640000000000E+01 
1.265494850794789E+02 -1.712271474137818E+01 1 3.506620000000000E+01 
2.732715750309833E+02 3.896630604530277E+00 1 1.921280000000000E+01 
3.579179230329846E+00 -1.420005364272881E+01 1 3.410930000000000E+01 
1.150081743203553E+02 2.807757253836395E+02 1 3.598600000000000E+01 
1.395644340712170E+02 1.630071071520838E+02 1 2.150270000000000E+01 
2.310270793052447E+02 -4.969060786814673E+01 1 3.160370000000000E+01 
6.928797011316915E+01 1.629953975380521E+02 1 1.876910000000000E+01 
