# input file for alanine 4D (d4 d7 d11 d13)

# optimization
userfn       userfn_4D.py
bounds       -50 310; -50 70; -50 310; -50 310
kernel       stdp
data_sources 2
initpts      2
iterpts      100
verbosity    2


RESULTS:
-5.000000000000000E+01 -5.000000000000000E+01 -5.000000000000000E+01 -5.000000000000000E+01 0 -8.802466732826000E+03
1.300000000000000E+02 1.000000000000000E+01 1.300000000000000E+02 1.300000000000000E+02 0 -8.802391830756000E+03
-5.000000000000000E+01 -5.000000000000000E+01 -5.000000000000000E+01 -5.000000000000000E+01 1 3.416900000000000E+01
1.300000000000000E+02 1.000000000000000E+01 1.300000000000000E+02 1.300000000000000E+02 1 3.298980000000000E+01
1.152237774362999E+02 -8.075397064753197E+00 1.068786670995425E+02 6.459833416252263E+01 1 3.708780000000000E+01
2.046501741970990E+02 -5.000000000000000E+01 3.060013514124721E+02 -4.696017030291152E+01 1 3.848720000000000E+01
1.431818287410507E+02 2.229859981493482E+01 1.597415547373020E+02 1.660134049123336E+02 1 2.306750000000000E+01
1.571555924455431E+02 3.123691348190419E+01 1.831599628106842E+02 1.937954143916675E+02 1 2.010210000000000E+01
1.014658984036153E+02 3.187498759361008E+01 1.922383293656228E+02 1.900342764048800E+02 1 2.110470000000000E+01
1.508015021640620E+02 2.495778529171410E+01 2.307854733536757E+02 1.623363959191850E+02 1 2.280430000000000E+01
1.441137002751831E+02 4.625824472314127E+01 1.854443591711553E+02 1.453371457662488E+02 1 2.380000000000000E+01
2.658383131879641E+02 2.958531656814240E+01 1.877344168056250E+02 1.750640390015171E+02 1 2.401710000000000E+01
1.222908265030301E+02 4.128077260582264E+01 1.206610509602910E+02 2.234942919391719E+02 1 2.867040000000000E+01
1.415142099743243E+02 1.102869858535136E+01 2.021628161152404E+02 2.364675864206717E+02 1 3.025030000000000E+01
2.335154635033592E+01 3.283423050321623E+01 2.138995203434760E+02 1.196828822726591E+02 1 2.945300000000000E+01
1.347233759212218E+02 3.671599239158770E+01 -5.000000000000000E+01 1.854339141805361E+02 1 2.593990000000000E+01
2.062293307911801E+02 4.748771279672140E+01 2.318499688018543E+02 1.974982803810385E+02 1 2.401960000000000E+01
1.176761739158591E+02 -4.579618052303527E+01 2.022339342411894E+02 1.858302226903813E+02 1 1.985140000000000E+01
2.141493882888080E+02 -3.747590192781870E+01 1.715080555442480E+02 1.807634648092472E+02 1 2.219070000000000E+01
-3.985000164197079E-01 -3.279134016406109E+01 2.157429326238582E+02 1.854067465781305E+02 1 2.112860000000000E+01
1.548451485023932E+02 -2.826148541471718E+01 2.592873884967121E+02 1.652412714921717E+02 1 2.372140000000000E+01
1.964139959014940E+01 -4.720175525028878E+01 1.349747534037254E+02 1.770241803090458E+02 1 1.968520000000000E+01
9.934136787536568E+00 -3.734860406509040E+01 2.091743158147031E+01 1.821623476242699E+02 1 2.144780000000000E+01
-2.859213141760499E+01 -2.466497157895155E+01 1.023134753799042E+02 2.166102481293182E+02 1 2.540140000000000E+01
2.921552115770058E+02 6.932552040463956E+01 4.991816676283308E+01 1.390532563632468E+02 1 2.780740000000000E+01
1.047673555179408E+02 -3.103495339224148E+01 8.561175713928243E+01 1.802556371607402E+02 1 2.129160000000000E+01
-2.198177659400711E+01 2.841341270653938E+01 1.695849339814268E+02 1.227376808634726E-02 1 3.251600000000000E+01
7.080564075193124E+00 -1.224432070748041E+00 -3.830779406459521E+01 1.800094228903097E+02 1 2.955210000000000E+01
5.997931981001798E+01 -4.782877594029669E+01 -5.000000000000000E+01 1.483826161225187E+02 1 2.290980000000000E+01
5.371525489257655E+01 -4.174385647243809E+01 3.007790617829854E+02 2.169569397393051E+02 1 2.474340000000000E+01
-1.282476435025587E+01 -4.325159365789824E+01 2.804570821448243E+02 6.332085740427055E+01 1 3.500730000000000E+01
6.268233518112682E+01 -3.367370214038998E+01 1.749147473961328E+02 1.532002540185591E+02 1 1.992310000000000E+01
7.577150736519118E+01 6.337910844604821E+01 5.857964043225255E+01 1.689079758801666E+02 1 1.842300000000000E+01
4.208398325603698E+01 5.920833040151162E+01 2.172849750485830E+02 1.716934937569528E+02 1 1.660460000000000E+01
3.460126353714376E+01 -1.254106248254505E+01 6.528478383998429E+01 3.000300199481376E+02 1 3.652830000000000E+01
1.903823964343281E+02 6.988252304893052E+01 4.421008561406196E+01 1.863384555104261E+02 1 2.195880000000000E+01
-8.624985489917986E+00 4.913649922823593E+01 3.874096139722487E+01 1.975405450748140E+02 1 2.241570000000000E+01
2.233660374957628E+02 5.394867841237248E+00 6.713753997051907E+01 1.966754039321685E+02 1 3.092930000000000E+01
-6.592149045386883E+00 5.470277905705202E+01 2.024434546173295E+02 2.149524749703201E+02 1 2.472640000000000E+01
3.100000000000000E+02 6.608135463593922E+01 2.263500007772631E+02 1.600846130927673E+02 1 2.078190000000000E+01
1.400130714574288E+02 6.176469726942076E+01 1.233069954488467E+02 1.730994389079763E+02 1 2.118570000000000E+01
4.430437866463952E+00 5.748701864976553E+01 -5.000000000000000E+01 1.777583783066682E+02 1 2.304670000000000E+01
6.993457897011655E+01 6.906581259045856E+01 4.059187585063508E+01 2.056737619094901E+02 1 2.018850000000000E+01
5.929942470393284E+01 -4.670553348298795E+01 2.313902206529620E+02 1.612531340954212E+02 1 1.769760000000000E+01
1.701485278761335E+01 -5.000000000000000E+01 1.917568559163106E+02 1.498718981219845E+02 1 2.220800000000000E+01
2.313686409357941E+02 3.317977836931853E+01 6.046609382319422E+00 4.347322220325829E+01 1 2.949910000000000E+01
2.795858913146462E+02 -4.377896573181080E+01 -4.753574210422605E+00 2.041788177973686E+02 1 2.476030000000000E+01
2.572502200434262E+02 -2.008310831518441E+01 2.340373840970546E+02 1.295875226300060E+02 1 3.483030000000000E+01
8.232327708754262E+01 5.029485219892226E+01 1.421410795310695E+01 1.417296343122538E+01 1 2.644560000000000E+01
7.763007466785143E+01 -1.332490332000236E+01 2.031582120199323E+02 1.798490809324563E+02 1 1.973620000000000E+01
1.265022085141073E+02 2.078220290883347E+01 2.659100971573831E+02 1.106932756619698E+01 1 3.739930000000000E+01
2.755953523852962E+02 5.988636374733952E+01 1.191623676989099E+02 1.894658041571124E+02 1 2.018430000000000E+01
2.682837848602986E+02 6.820234084043705E+01 8.528447196731992E+01 1.560700719194143E+01 1 2.610030000000000E+01
3.610729377190477E-01 4.792751926394227E+01 6.514523703287348E+01 4.771571353244550E+01 1 3.500140000000000E+01
1.638216345249912E+02 6.090904620826034E+01 1.011244327766933E+02 1.033609534147180E+01 1 2.021240000000000E+01
8.863209179907498E+01 -4.757990161087795E+01 1.416831264900425E+02 -7.590425116137423E+00 1 2.557650000000000E+01
1.620118744522843E+02 -3.811796728707289E+01 3.368441448087505E+01 1.894831553093215E+01 1 2.802920000000000E+01
2.030394891907399E+02 3.917443070262665E+01 9.262643763735105E+01 -2.141875246611491E+01 1 2.099610000000000E+01
1.213404691357391E+02 5.067814230871721E+01 7.762889684315140E+01 -3.023547542233813E+01 1 3.626740000000000E+01
2.218972016135596E+02 -6.220739049317308E+00 1.368228970410613E+02 -6.732168526275636E+00 1 3.155510000000000E+01
2.162271155892414E+02 5.065145612365854E+01 1.759591212208323E+02 1.050628562606859E+01 1 3.213350000000000E+01
2.605756044629896E+02 3.203902452148564E+01 1.276165851509092E+02 2.821185905225265E+02 1 3.399750000000000E+01
2.587550200525327E+02 2.827779116783828E+01 3.399291149039847E+01 -9.233658223619926E+00 1 2.396450000000000E+01
1.558425930107172E+02 5.236162760509342E+01 -1.406968978505508E+01 1.034130945490391E+02 1 3.301680000000000E+01
1.863951196549303E+02 3.012504358669777E+01 7.650926694080412E+01 1.033981478189696E+01 1 2.004160000000000E+01
1.661022099314881E+02 -3.221571846229445E+01 1.088702215997890E+01 2.381301573303889E+02 1 3.057520000000000E+01
3.266895495161700E+01 3.357782310883641E+01 1.011951560924815E+02 1.688260500389132E+02 1 2.081280000000000E+01
9.665403160078364E+01 -3.876912024343088E+01 -6.331140552641576E+00 1.788579087955756E+02 1 2.151530000000000E+01
2.197345394127283E+02 4.855588127019075E+01 1.110742063338787E+02 1.609014360523641E+02 1 2.575370000000000E+01
1.136390252521719E+01 2.626322159225073E+01 2.054181631544338E+02 1.736813530507297E+02 1 2.138620000000000E+01
2.106585006986359E+02 5.319072244719864E+01 5.448426906407282E+01 9.109859890601703E-01 1 1.965880000000000E+01
1.996129870965816E+01 -2.618226369709721E+01 -1.886437234261408E+01 2.784378752101710E+00 1 2.996040000000000E+01
2.833402703975192E+02 -4.271254365954931E+01 2.010668157563346E+02 2.018209939683807E+02 1 2.298880000000000E+01
7.786813899059655E+01 4.538630101413002E+01 2.380881017716112E+02 1.584191647034477E+02 1 1.952420000000000E+01
7.108476534079638E+01 6.693039799049265E+01 1.750714060892859E+02 3.336912137162810E+01 1 2.774280000000000E+01
2.083357952301741E+02 -5.000000000000000E+01 1.243162197546591E+02 2.181263216020867E+02 1 2.544440000000000E+01
-3.568238333639876E+01 5.022656449643409E+01 1.616442441612035E+02 1.757173057797818E+02 1 1.975440000000000E+01
6.714750612442411E+01 5.508785745256857E+01 1.571210947516993E+02 1.737612344764536E+02 1 1.648990000000000E+01
5.737118618131365E+01 -3.419224419945133E+01 1.658372200918065E+02 2.035322253366998E+02 1 1.933930000000000E+01
4.974944550875886E+01 -2.345556959171918E+00 1.108725936756985E+02 1.937947407586114E+02 1 2.173670000000000E+01
5.635768114373672E+01 4.312054728864670E+01 1.992956187658486E+01 1.822660980049011E+02 1 1.774110000000000E+01
3.003383075617278E+02 -2.965654365062265E+01 1.379328503282773E+02 1.719825231403170E+02 1 2.032410000000000E+01
4.193232437026381E+01 6.232197472065736E+01 2.348786029567404E+02 -2.239085031773815E+01 1 2.707360000000000E+01
1.898759994029024E+02 5.606717600575416E+01 9.062813030693800E+01 4.583550465682795E+01 1 2.809760000000000E+01
4.925683085898740E+01 4.965895645589257E+01 9.854607504372603E+01 1.943817354124210E+02 1 1.820010000000000E+01
-5.000000000000000E+01 -4.699605099704566E+01 6.721428490006812E+01 1.823913070233741E+02 1 2.038120000000000E+01
6.479912094717157E+01 6.044991171211132E+01 2.127134729405429E+02 1.877484869149769E+02 1 1.619890000000000E+01
1.732116534945908E+02 6.077172400581329E+01 1.941242270237254E+02 1.775106244296632E+02 1 1.767790000000000E+01
5.517380012092752E+01 -3.546331168615837E+01 5.732585261138240E+01 1.806326887214135E+02 1 1.857930000000000E+01
5.884878138085536E+01 -4.784609306224813E+01 1.885888386456084E+02 1.787184297333260E+02 1 1.611370000000000E+01
3.349874171860398E+01 6.525255370098918E+01 1.043096936905441E+02 -2.819121907232328E+00 1 2.597250000000000E+01
1.637955851683724E+02 -2.546016929914573E+01 1.623835625371122E+02 1.932358294570706E+02 1 2.070060000000000E+01
2.864290837186569E+02 -5.000000000000000E+01 1.678121028571245E+02 1.678738275077123E+02 1 2.028740000000000E+01
5.003565694920411E+01 4.191772262256351E+01 1.789561601998639E+02 1.862722520096641E+02 1 1.703150000000000E+01
4.871957664399134E+01 6.174111094640086E+01 1.759544704462525E+01 1.814636243751705E+02 1 1.709330000000000E+01
2.002602085595957E+02 5.972356175774022E+01 3.100000000000000E+02 1.618243258344195E+02 1 2.424830000000000E+01
4.434685462818207E+01 5.508148637499729E+01 5.273359015153949E+01 1.781964569695793E+02 1 1.790320000000000E+01
5.915952051363981E+01 -5.000000000000000E+01 2.580212446156573E+02 1.810907033810395E+02 1 1.723040000000000E+01
7.004933126497464E+01 -4.762566956184969E+01 1.316161185113552E+02 1.833283860555504E+02 1 1.674340000000000E+01
6.224415470988994E+01 2.045235559771913E+01 1.282148591104099E+02 7.012207455926364E+00 1 2.794780000000000E+01
5.467242769071781E+01 4.477222737205513E+01 2.382514584724636E+02 1.825589602348598E+02 1 1.719420000000000E+01
6.471552324830236E+01 5.707442921385902E+01 2.066619777947120E+02 1.752946388470832E+02 1 1.609350000000000E+01
3.049426654766282E+02 5.928543000885816E+01 7.012336115217113E+01 -2.521029115555472E+01 1 2.172610000000000E+01
3.100000000000000E+02 5.365293121549885E+01 1.192315160501788E+01 4.749062880519880E+00 1 1.990340000000000E+01
-5.000000000000000E+01 -2.717464243004715E+01 3.836233975153625E+01 -2.602602738517704E+00 1 2.069750000000000E+01
2.812705865105158E+02 -4.714784195781723E+01 1.466757114160192E+01 -4.874458994408536E+00 1 2.152610000000000E+01
1.893958836888628E+02 7.000000000000000E+01 9.493646052798995E+01 -8.443154963661385E+00 1 1.805240000000000E+01
6.214231861283008E+01 6.032392285044384E+01 1.667058255583321E+02 1.874434100509369E+02 1 1.626010000000000E+01
3.014841385549563E+02 8.905502597445222E+00 -1.142644404166446E+00 2.354786350811823E+01 1 2.456770000000000E+01
1.730059858590960E+02 6.069696853563632E+01 1.473912035838558E+02 -1.686719231768489E+01 1 2.284000000000000E+01
5.003668843724089E+01 -5.000000000000000E+01 2.187962828383972E+02 1.843244943355574E+02 1 1.620350000000000E+01
1.660370362165890E+02 6.978285417997587E+01 2.232349428743807E+02 1.967180201180382E+02 1 1.942220000000000E+01
1.838263455939899E+02 5.337975147962694E+01 7.281145678066127E+01 -5.517766611703648E+00 1 1.826010000000000E+01
-3.068239293774664E+01 2.750341639286065E+01 3.106070196693200E+01 -1.663510369612964E+01 1 2.435550000000000E+01
6.500182754366872E+01 5.610651966561299E+01 -1.475735473287899E+01 1.854514796046597E+02 1 1.790620000000000E+01
2.952407422428410E+02 4.939776003790923E+01 -6.407156907606235E+00 1.709374725824200E+02 1 2.079780000000000E+01
5.385131803692676E+01 6.083496444431734E+01 1.461353020113316E+02 1.787826845005153E+02 1 1.610630000000000E+01
5.270688205318589E+01 6.060901113942644E+01 1.975705011672285E+02 1.811522580156576E+02 1 1.585150000000000E+01
6.113567058677000E+01 -5.000000000000000E+01 2.147508091739526E+02 1.799464371216046E+02 1 1.601800000000000E+01
5.661174596382359E+01 6.120892958825498E+01 2.191774568766474E+02 1.797225722619211E+02 1 1.588240000000000E+01
5.354750755630646E+01 -5.000000000000000E+01 2.051510077334489E+02 1.783124046690113E+02 1 1.597500000000000E+01
5.697783817665878E+01 6.255873697870065E+01 2.001101135997619E+02 1.782661296893702E+02 1 1.581180000000000E+01
5.706539378598102E+01 -5.000000000000000E+01 2.035876217882831E+02 1.817587697313932E+02 1 1.595610000000000E+01
6.235764213053459E+01 5.525702097277700E+01 1.234323120560206E+02 1.810203487422679E+02 1 1.624740000000000E+01
5.641407887146296E+01 5.790274229966528E+01 2.016738507743011E+02 1.793035268398221E+02 1 1.583500000000000E+01
5.710821650098139E+01 6.194882051164386E+01 2.044285641872665E+02 1.805578638657209E+02 1 1.579530000000000E+01
1.786872236165083E+02 5.633640193265834E+01 1.577480944493396E+02 1.871027370523455E+02 1 1.809970000000000E+01
6.617344673150920E+01 5.932891736206555E+01 3.148916705854020E+01 1.830485474405983E+02 1 1.742890000000000E+01
1.917858330300601E+02 5.297783040662771E+01 1.006622762516084E+02 6.201779722269880E-01 1 1.934680000000000E+01
1.950918360045142E+02 -1.556473526632940E+01 6.120449659662199E+01 -1.986090448568520E+01 1 2.517840000000000E+01
-5.000000000000000E+01 2.472730017574505E+01 1.094801565177131E+02 1.865781744206797E+02 1 2.090940000000000E+01
6.047355230639767E+01 6.483362239448697E+01 1.193082818075575E+02 1.739134439185691E+02 1 1.630490000000000E+01
1.691449802376596E+02 3.787670063511595E+01 3.049500648719090E+01 1.695155390391626E+02 1 2.038030000000000E+01
2.920318663171975E+02 4.486354254616766E+01 4.321405058214460E+01 2.068952886548265E+02 1 2.474800000000000E+01
2.977304020006586E+02 5.842738827893610E+01 2.731507582829498E+02 1.074365471649520E+01 1 3.001520000000000E+01
2.943067468046940E+02 -4.371450063295961E+01 -5.000000000000000E+01 1.683445790595036E+02 1 2.211090000000000E+01
1.729772494784691E+02 -1.783160431602178E+01 1.272182767625088E+01 1.666586116063267E+02 1 2.182560000000000E+01
5.599074927057567E+01 6.197545511398401E+01 2.058348632732181E+02 1.798268503027347E+02 1 1.579460000000000E+01
3.059270454834373E+02 6.801857883134689E+01 1.424846072416842E+02 1.936198535772605E+02 1 1.871280000000000E+01
5.765634403516985E+01 -5.000000000000000E+01 2.050162652131637E+02 1.792071221159975E+02 1 1.594760000000000E+01
9.752377033655361E+01 6.520559553306921E+00 3.100000000000000E+02 2.964773644078576E+02 1 4.511500000000000E+01
2.931088724823653E+02 9.330642554536926E+00 1.570156570344799E+02 7.638316147708670E+01 1 3.843990000000000E+01
2.540302492913668E+02 3.541230714564747E+00 2.760863249739721E+02 2.657681369147962E+02 1 4.783630000000000E+01
1.862672920396944E+02 -1.512948084601581E+01 2.471602084118115E+02 6.502577421979764E+01 1 3.963970000000000E+01
2.172235821308847E+02 6.931906867535265E+01 7.840023739533422E+01 -3.393012673020449E+01 1 2.413310000000000E+01
-1.670313714366007E+01 -6.369652460559645E+00 2.071311542592513E+02 2.924725755314178E+02 1 3.887690000000000E+01
1.577616418552289E+02 -5.000000000000000E+01 1.230217104316042E+01 1.771492046527783E+02 1 1.908310000000000E+01
7.252834890050543E+01 -1.866799902022297E+00 -5.000000000000000E+01 6.736141564611698E+01 1 4.211840000000000E+01
-1.354190046121346E+01 -1.127978937736717E+00 1.185692959853421E+01 1.012897719212563E+02 1 3.905560000000000E+01
2.299599208121259E+02 -9.454340286335643E+00 5.684595544285185E+01 9.599464702092723E+01 1 4.087100000000000E+01
1.590165429682184E+01 3.219736311241577E+01 -3.697688030027498E+01 2.804635681861294E+02 1 3.896390000000000E+01
1.286414401312518E+02 7.000000000000000E+01 2.439240088435909E+02 2.943615170449385E+02 1 3.460780000000000E+01
2.608906602102309E+02 7.000000000000000E+01 2.115198361900001E+02 -5.000000000000000E+01 1 3.794120000000000E+01
2.754314908077019E+02 3.916529799975432E+01 2.919181553908630E+02 9.070297085198855E+01 1 3.805180000000000E+01
5.741377947701591E+01 6.520554490720616E+01 1.263574927187901E+02 1.823057998676726E+02 1 1.617190000000000E+01
6.906899770531795E+01 3.104019901746115E+01 1.691798533399212E+02 2.903155524055925E+02 1 3.262360000000000E+01
1.918768137036304E+02 4.611497713241709E+00 2.312442285242880E+02 -5.000000000000000E+01 1 3.771320000000000E+01
2.112745039389700E+02 2.248681649390411E+01 1.761528632605355E+02 9.505678476850889E+01 1 3.901320000000000E+01
8.714293184947374E+00 -1.447629411730052E+01 1.478025094214959E+02 5.685659771717763E+01 1 3.789660000000000E+01
1.374172576507968E+02 -1.430200296152156E+01 1.188785613881747E+02 2.879930269977899E+02 1 3.761560000000000E+01
-5.000000000000000E+01 -2.865081032784910E+00 1.263830000859289E+01 2.694389325196918E+02 1 3.726160000000000E+01
5.700306062424432E+01 7.000000000000000E+01 4.993672522390560E+01 8.200130821551706E+01 1 3.265220000000000E+01
1.847584506723693E+02 3.629009508957944E+01 1.815263103917588E+02 1.765016639303914E+02 1 1.945750000000000E+01
2.194649241601336E+02 3.477386557474856E+01 2.872914667402273E+00 2.661005307569334E+02 1 3.983890000000000E+01
2.575100940451453E+02 -3.811303491095625E+00 2.379337746087010E+02 3.689912396395430E+01 1 4.076860000000000E+01
1.178612149439828E+02 -5.000000000000000E+01 2.579853882466041E+02 7.006110876032083E+01 1 3.616730000000000E+01
1.227656918648810E+01 1.382521840118742E+01 2.561737196157193E+02 2.414808545187380E+01 1 3.440860000000000E+01
-4.477767631403092E+00 -5.000000000000000E+01 1.318079037021534E+02 2.857744070416683E+02 1 3.640150000000000E+01
3.100000000000000E+02 -4.875945225799505E+01 1.464347711068968E+00 1.807552639719527E+02 1 2.078880000000000E+01
-4.966717695320860E+01 2.616797077042614E+01 2.832804362685159E+02 2.361697459092461E+02 1 3.588090000000000E+01
7.307235374415670E+01 6.749239402041090E+01 4.043995948595539E+00 2.960568259205796E+02 1 3.196790000000000E+01
1.552156809145700E+02 2.495482010972511E+01 -2.067423790662497E+01 -5.000000000000000E+01 1 3.709160000000000E+01
1.277754819698357E+02 -1.309200391218420E+01 1.975814812834329E+02 5.985521527649042E+00 1 3.149410000000000E+01
2.187720581084430E+02 7.877142060707237E+00 3.015086035208801E+02 -4.966271143299753E-01 1 4.560490000000000E+01
3.083399756088188E+02 -4.811470789956834E+01 1.941113194314879E+02 5.584224421607965E+01 1 3.431760000000000E+01
2.279559011970713E+02 -3.905781741875377E+01 3.100000000000000E+02 7.928192400418440E+01 1 4.054000000000000E+01
2.952440225445052E+02 3.804318181249923E+01 4.642621544892167E+01 7.491523921864841E+00 1 1.965580000000000E+01
1.138133296236571E+02 -3.142698346636637E+01 3.100000000000000E+02 -8.534795915900844E+00 1 3.629610000000000E+01
1.134175446877944E+02 2.087769492133627E+01 2.392790179549415E+01 7.976610938198827E+01 1 3.964440000000000E+01
1.715789726780691E+02 -3.126211433529035E+01 1.144548982392344E+02 2.006713154256034E+00 1 2.188050000000000E+01
2.117060088143436E+02 -2.513752534530240E+01 1.874666813801429E+02 2.669519629492972E+02 1 3.593430000000000E+01
2.438617060905687E+02 7.440353019394049E+00 -2.003102028892075E+01 1.328275218851970E+02 1 3.397440000000000E+01
2.952662088578577E+02 -1.313184277132542E+01 1.486586275101736E+02 -3.686100534806830E+01 1 3.372310000000000E+01
1.052018539426112E+02 1.104922661729643E+01 3.993880557659597E+01 2.629729221706244E+02 1 3.727950000000000E+01
-3.284371140596052E+01 -4.770576474126546E+01 1.048221031240260E+02 9.286151173006645E+01 1 3.405820000000000E+01
1.657948830855782E+02 7.000000000000000E+01 4.975822137853089E+01 1.581326719735274E+02 1 2.153860000000000E+01
2.027493844211359E+02 -1.069058187514549E+00 3.049811987976086E+02 2.217848788879088E+02 1 3.926740000000000E+01
2.994604082810205E+02 5.475981197213209E+01 2.524407183092982E+02 1.841556955385037E+02 1 2.029520000000000E+01
9.902204810122808E+01 2.048903013233052E+01 1.937649197418166E+02 7.661155707257313E+01 1 3.665910000000000E+01
3.580330535274880E+01 4.402157063676891E+01 3.100000000000000E+02 6.119189329179431E+01 1 3.435480000000000E+01
5.089223170394142E+01 -1.975768504694443E+01 2.446004304838129E+02 2.813007961221591E+02 1 3.412520000000000E+01
8.781828520512806E+01 -8.439698108285629E+00 4.431769125609949E+01 -8.421032457061834E+00 1 2.985520000000000E+01
2.427836784035506E+02 -3.743809024943489E+01 1.511400158476252E+02 7.947920465497835E+01 1 4.037850000000000E+01
5.750813640931140E+01 -5.000000000000000E+01 1.451579309897431E+02 1.791138897292952E+02 1 1.624330000000000E+01
-3.820620399426863E+01 4.220417801795767E-01 2.696398758108442E+02 1.132993613831564E+02 1 3.573970000000000E+01
1.788181505868063E+02 5.767875213383852E+01 2.781670622704762E+02 2.567435561670297E+01 1 3.404390000000000E+01
-5.000000000000000E+01 5.643984522332676E+01 1.148677480091015E+02 1.739115979196105E+02 1 1.811340000000000E+01
2.610779681062977E+02 -2.307884312682563E+01 7.083831951234609E+01 2.626769346333090E+02 1 3.756550000000000E+01
6.126793059246347E+01 6.217140805288130E+01 1.428189976322645E+02 1.794576476303468E+02 1 1.606200000000000E+01
2.966238807620334E+02 2.055341582196657E+01 2.433173949892579E+02 -3.652506463887651E+01 1 3.595120000000000E+01
3.251394662811646E+01 -1.333476526649026E+01 1.764220330427202E+02 -2.137390835643422E+01 1 3.077000000000000E+01
5.867228200378856E+01 2.518749545258610E+01 1.992991835356076E+02 1.707020745211991E+02 1 1.847810000000000E+01
1.803995094110978E+02 1.616219887131613E+01 8.346354530049595E+01 2.615353979147881E+02 1 3.719740000000000E+01
1.604558089579008E+02 -3.399212020135308E+01 1.633399818044083E+02 8.524935734495055E+01 1 3.500280000000000E+01
1.565626620162195E+02 1.860435026180551E+00 -3.697698602842400E+01 5.726554208547633E+01 1 4.226020000000000E+01
1.750969955445101E+02 4.333535488883424E+01 2.790864589118962E+02 2.609793397992726E+02 1 3.846800000000000E+01
4.716098394176398E+01 1.469620295956033E+01 9.591650712533955E+01 8.995034322245051E+01 1 3.550170000000000E+01
2.878260481280045E+02 -3.005866954624877E+01 4.209279455216964E+00 7.555249658771720E+01 1 3.180870000000000E+01
-2.590435150168911E+01 -2.834437784788735E+01 2.316476618366318E+02 -7.628652764332576E+00 1 3.118920000000000E+01
5.398523010162334E+01 2.036583712833772E+01 3.100000000000000E+02 -2.066165434617888E+01 1 3.470450000000000E+01
-2.082455753013459E+01 2.134884982597309E+01 9.615124072446250E+01 2.729345433076058E+02 1 3.719270000000000E+01
6.699354746132482E+01 -2.323310703307531E+01 2.515307386777668E+02 2.474468719521450E+01 1 2.900450000000000E+01
2.662450138636876E+02 3.429382288063546E+01 8.149344967223823E+01 8.976873754941209E+01 1 3.988820000000000E+01
1.229560269706142E+02 -3.911562587703274E+00 -4.939561278607447E+01 1.199395086106784E+02 1 4.252020000000000E+01
-1.697610213533588E+01 -2.873039691415014E+01 2.871192289807978E+02 2.564516901831723E+02 1 3.799500000000000E+01
3.483287869803603E+01 7.703496114661973E-02 3.637794523214294E+01 3.861523707351684E+01 1 3.403110000000000E+01
1.951996257093789E+02 2.894592607269638E+01 2.754391595451141E+02 1.029291552524389E+02 1 4.157500000000000E+01
-6.731328500531045E+00 6.812372696592480E+01 3.170428020202710E+01 2.731390705096307E+02 1 3.400650000000000E+01
1.886775926371174E+02 5.901008384071391E+01 4.950703999404611E+00 1.648716038375575E+02 1 2.005740000000000E+01
-5.000000000000000E+01 5.342872238295181E+01 2.059862934054438E+02 2.743253218710929E+02 1 3.517230000000000E+01
1.180082288264244E+02 5.586608238921315E+01 -3.347234715564870E+01 2.551068450051178E+02 1 3.613590000000000E+01
5.647842510150995E+01 5.333810618031457E+01 8.417079504843036E+00 1.660052557795920E+02 1 1.793540000000000E+01
-2.703120131939315E+01 -3.489645394810943E+00 1.052406181836211E+02 1.982301902001406E+01 1 3.383570000000000E+01
2.799990202024708E+02 2.362549707972779E+00 1.735260499428303E+02 2.448885244121471E+02 1 3.416550000000000E+01
1.307116766883342E+02 2.577155012894769E+01 1.831798346170900E+02 3.100000000000000E+02 1 3.269460000000000E+01
1.960719468613245E+02 -1.110734153285220E+01 1.210206426477264E+02 1.248071799416332E+02 1 3.397540000000000E+01
2.469688270993715E+02 6.406653579666892E+01 2.910833647969566E+02 2.439283813801325E+02 1 3.804630000000000E+01
2.361692898684866E+02 5.683601441978709E+01 2.281849984147295E+02 7.727759965268005E+01 1 4.113840000000000E+01
3.527534867744846E+01 -1.938255929865856E+00 5.202967508278097E+00 2.513083954504058E+02 1 3.361930000000000E+01
1.563175199114453E+02 -1.719402492104155E+01 2.946800813028778E+02 2.784543256654949E+02 1 4.405570000000000E+01
1.550430725154352E+02 5.695630047781560E+01 2.321766632674724E+02 1.763715122985404E+02 1 1.913860000000000E+01
1.474904639281886E+02 -5.000000000000000E+01 5.406216642363660E+01 2.796522926918840E+02 1 3.668040000000000E+01
-2.477090746723446E+01 4.968835870569210E+01 -2.501107585908698E+01 1.048980755476239E+02 1 3.327100000000000E+01
9.888376923106001E+01 5.307701199630130E+01 1.201770685441354E+02 8.287110011896729E+01 1 3.349160000000000E+01
6.180138019383150E+01 6.209083470495248E+01 1.157058123640682E+02 1.804068175111620E+02 1 1.618450000000000E+01
1.606964879008047E+02 3.162858219559939E+01 1.978966285387316E+02 4.450033195511152E+01 1 3.275900000000000E+01
-3.548139622219942E+01 2.794206172385124E+01 2.329471260928816E+02 6.070295784580767E+01 1 3.587170000000000E+01
2.477461057791415E+02 -1.532899011242069E+01 -1.773990206542774E+01 3.028824716820562E+02 1 4.313800000000000E+01
1.435938523780421E+02 -2.538933786276737E+01 5.067936140088676E+01 9.488365129271659E+01 1 3.403370000000000E+01
2.542675567786472E+02 1.999980168860394E+00 2.757519526163491E+02 1.839538662152773E+02 1 3.234440000000000E+01
5.984574791333753E+01 -5.000000000000000E+01 1.244415948877334E+02 1.792751023733749E+02 1 1.628600000000000E+01
2.716915786265321E+02 3.322957877248106E+01 1.523174498534924E+02 2.482905666455120E+01 1 3.387120000000000E+01
7.430027130351695E+01 6.627577179537313E+01 9.913643360359812E+01 2.753074262015929E+02 1 3.199380000000000E+01
2.281012204314092E+02 -3.104209787766184E+01 2.503003037313015E+02 -9.244571958186723E+00 1 3.776510000000000E+01
-4.105249526237198E+01 5.384052927379476E+00 7.196586599486798E+01 1.269559371020547E+02 1 3.244020000000000E+01
8.176829371693142E+01 1.211732241337426E+01 2.256068322812771E+02 -2.784854353408892E+01 1 3.086200000000000E+01
-1.183347534048318E+01 -1.346116587598535E+00 2.963451008109890E+02 -3.461671442371868E+01 1 4.297040000000000E+01
1.763955900395611E+02 4.870948927816031E+01 1.628372375431363E+02 2.722875816235084E+02 1 2.943270000000000E+01
1.049477557152124E+02 -3.812736342046166E+01 -1.091897323645462E+01 6.312001418982821E+01 1 3.672810000000000E+01
2.539584173447547E+02 3.944718753413468E+01 3.020790376808972E+02 -3.801713680364441E+01 1 4.091410000000000E+01
4.468524189553688E+01 3.494408962298758E+01 4.653677845512141E+01 3.100000000000000E+02 1 3.232030000000000E+01
3.556519828950123E+01 -2.094867050267708E+01 2.241852804757890E+02 7.696560995390290E+01 1 3.398920000000000E+01
1.635658940011421E+02 6.208409723542406E+01 1.810038519683376E+02 1.897265662127009E+02 1 1.784040000000000E+01
-5.468542088542861E+00 4.533874133408693E+01 2.539719962211862E+02 3.026757763904571E+02 1 3.597490000000000E+01
2.367766202784369E+02 3.231145577468429E+01 2.119448560986195E+02 2.588844865936811E+02 1 3.926100000000000E+01
1.000952436514464E+02 -3.034783041711570E+01 1.845501363909379E+02 2.833448148991453E+02 1 3.443210000000000E+01
2.336565734834129E+02 5.717397315786526E+01 1.892841712374533E+01 1.046752597942452E+02 1 3.397190000000000E+01
1.892663850521218E+02 1.005944867927061E+01 1.656114754832359E+01 9.085055358211977E+01 1 3.351730000000000E+01
2.831234124713654E+02 -2.844332136920191E+00 2.396742082440622E+01 1.758183550389135E+02 1 2.572360000000000E+01
6.804247906253143E+01 -6.068232399445873E+00 1.315220357818751E+01 1.153648352011777E+02 1 3.176980000000000E+01
1.172713266351126E+02 3.223490233585413E+00 -2.018842645311148E+01 2.217175198080300E+02 1 3.283480000000000E+01
8.714167510818573E+00 4.610532706618794E+01 1.549808017270980E+02 6.871811214399513E+01 1 3.581000000000000E+01
1.254725091884142E+02 1.199227224744310E+01 1.325586225928322E+00 1.165274236487189E+00 1 3.256660000000000E+01
2.757431366605393E+02 5.561179779770427E+01 1.983606528208767E+01 2.836094501239206E+02 1 3.562150000000000E+01
5.452610088400187E+01 -4.878106554322173E+01 -1.126070143851927E+00 1.787185428086360E+02 1 1.748850000000000E+01
4.627294064110995E+01 5.733570323108839E+01 -3.403126998976263E+00 1.806005073659752E+02 1 1.758430000000000E+01
-2.115338815665360E+01 1.260839875572494E+01 3.100000000000000E+02 5.208311658998967E+01 1 3.942400000000000E+01
1.988778152460844E+02 -2.967049093594239E+01 -1.640809199513035E+01 9.700630242215791E+00 1 3.164250000000000E+01
2.764760638396589E+02 -2.055413502622454E+01 -5.000000000000000E+01 2.371154897514553E+01 1 3.664910000000000E+01
7.553751593245842E+01 5.315595667749424E+01 2.799705075335186E+02 2.997365994614807E+02 1 3.375860000000000E+01
2.498371848739962E+01 6.245335142184570E+00 2.922017540024926E+02 1.109412392230454E+02 1 4.171320000000000E+01
2.575573648554260E+02 7.068959434187399E+00 1.282903405117580E+02 1.318995522526355E+02 1 3.477260000000000E+01
1.652293392796967E+02 -5.000000000000000E+01 2.219268018074059E+02 -1.065900263612590E+01 1 2.844750000000000E+01
1.457901727337403E+01 6.514952671180127E+00 1.464934688386795E+02 2.597942726207818E+02 1 3.716810000000000E+01
1.655973572152623E+02 3.011096860226856E+01 9.614739628626276E+01 9.853954233611375E+01 1 3.520070000000000E+01
2.327820080955090E+02 5.104213645568743E+00 1.123033194206114E+02 5.225350899015665E+01 1 4.088110000000000E+01
2.919628832259085E+02 -2.659478398836252E+01 2.452383658302688E+02 2.669558808534878E+02 1 3.760370000000000E+01
1.362331253287758E+02 -9.467721058141146E+00 2.226942923721830E+02 1.039099910553220E+02 1 3.603710000000000E+01
1.066624530966792E+02 1.179422072156748E+01 2.675947419429218E+02 2.434091093046989E+02 1 3.720520000000000E+01
1.710607388776071E+01 -3.735668370400231E+01 -8.764399685193798E+00 7.765330460491704E+01 1 3.724870000000000E+01
1.281562134576922E+01 -2.419760178162685E+01 7.146736338409231E+01 1.116549988184202E+02 1 3.389230000000000E+01
-3.416594893185664E+01 7.000000000000000E+01 1.399789603241245E+02 1.315151877224896E+01 1 2.944150000000000E+01
1.416256564821245E+01 1.045831691544448E+01 2.580025612830731E+02 2.439382875185267E+02 1 3.550330000000000E+01
2.412110588813607E+02 2.601735384546470E+01 -2.423533995015078E+01 2.072609999976571E+02 1 3.053620000000000E+01
-1.178689096538926E+01 6.372263895052209E+00 1.426689919377056E+02 1.199085452276317E+02 1 3.473710000000000E+01
1.920582540818184E+02 3.608026337331342E+01 3.446475647741721E+01 -5.517293452223127E-01 1 2.473560000000000E+01
1.093855313167187E+02 4.271376965909930E+01 3.100000000000000E+02 3.592026189348604E+01 1 3.521020000000000E+01
6.466848828719471E+01 3.706361870754095E+01 2.458377845792311E+02 6.022494246197213E+01 1 3.277010000000000E+01
2.157824569104252E+02 -1.783219269001639E+01 1.919469721544024E+02 4.109476932863640E+01 1 3.837090000000000E+01
9.744913603846753E+00 2.031785921470326E+01 1.199163816723945E+02 -3.526255544388136E+01 1 3.443280000000000E+01
3.011144584636664E+02 -5.193559160851458E+00 2.001866920880845E+02 1.142888469127619E+02 1 3.430550000000000E+01
8.834638839569938E+01 -4.545118584151092E+01 7.787402868278261E+01 3.270271020935967E+01 1 3.100970000000000E+01
1.350007124588548E+02 -2.776787474535682E+01 8.695513998004367E+00 -4.934670872987342E+01 1 3.574470000000000E+01
-2.761851994134299E+01 4.473993201587999E+01 -1.842336584189383E+01 2.365749868953382E+02 1 3.143190000000000E+01
2.753943782116515E+02 2.399636430239407E+00 8.814575941916173E+01 -3.920506251583409E+01 1 2.767330000000000E+01
2.079672801799979E+02 -3.460956301978464E+01 2.497407944803762E+02 2.638151207557029E+02 1 3.908400000000000E+01
2.250529085062259E+02 1.085401130052003E+01 1.421878862756774E+02 2.307849737469701E+02 1 3.221210000000000E+01
7.810727543268916E+01 -5.057110851666313E-01 1.120569164207205E+02 -4.599722461657515E+01 1 3.585710000000000E+01
1.690380104008222E+02 4.255993558530132E+00 9.422678246470736E+01 1.891662081783118E+02 1 2.533270000000000E+01
2.852521877838173E+01 5.782446511229527E+01 2.009114928298253E+02 2.772902285337420E+02 1 3.257920000000000E+01
3.006626235544454E+02 -1.426186562682965E+01 6.556599713282974E+01 6.433405334647088E+01 1 3.812960000000000E+01
-1.183296590236413E+00 5.530531090188045E+01 3.036366606112313E+02 -2.502886226674133E+00 1 3.040540000000000E+01
5.822240663714364E+01 -5.000000000000000E+01 1.014191654819737E+02 1.775402599709118E+02 1 1.662850000000000E+01
2.507182175156994E+02 9.745592415033061E+00 1.945175241852370E+02 -2.120129895889027E+01 1 3.840810000000000E+01
