# input file for alanine 2D (d4-d13)

# optimization
userfn       userfn_2D.py
bounds       -50 310; -50 310
num_tasks    2
kernel       stdp
initpts      2 30
iterpts      50
verbosity    2
kappa_prior  gamma
kappa_priorparam 1 71.428
W_prior      gaussian
W_priorparam 0 8.451
thetaprior gamma
thetapriorparam 2 0.019; 3.3678 9.0204; 3.3678 9.0204

RESULTS:
2.659935232926834E+02 3.034065863952937E+02 0 -2.029973727397279E+05 
2.032832034756102E+02 1.078204901035059E+02 0 -2.029916792811115E+05 
2.709483737491901E+02 -3.506688953467133E+01 1 2.375000000000000E+01 
-7.808683439130826E+00 1.470592739108153E+02 1 2.482590000000000E+01 
1.638573844746193E+00 -1.137675188201883E+00 1 3.478460000000000E+01 
-4.017797310803539E+01 2.715918269205589E+02 1 3.134740000000000E+01 
1.807453231672429E+02 3.058138477955972E+02 1 3.274910000000000E+01 
-1.953312897891408E+01 2.296680449323222E+02 1 2.718160000000000E+01 
8.715083530392322E+01 -3.743150944123740E+01 1 2.951320000000000E+01 
2.981218787716898E+02 6.514211552628140E+01 1 3.494990000000000E+01 
2.154698119014756E+02 1.877265828839676E+02 1 2.574650000000000E+01 
2.362343391787839E+02 6.429624009489771E+01 1 3.499530000000000E+01 
1.975305200604487E+02 6.852937122109144E+00 1 1.831510000000000E+01 
7.834869178706947E+01 2.920351679383054E+02 1 3.215610000000000E+01 
2.630389211766056E+02 2.408161132645387E+02 1 3.371830000000000E+01 
-4.095290028124982E+01 1.826255515706072E+02 1 2.033110000000000E+01 
2.805144202501720E+00 2.596692493430440E+02 1 3.305010000000000E+01 
2.311180752047591E+02 -1.494830051598218E+01 1 2.166130000000000E+01 
1.965441441500795E+02 -2.963415218730879E+01 1 2.541790000000000E+01 
5.959517840085410E+01 1.575889851432484E+02 1 1.938870000000000E+01 
3.061038241168650E+02 2.290636746813347E+02 1 2.669610000000000E+01 
2.802146241698185E+02 2.740615221917437E+02 1 3.327400000000000E+01 
1.193076916306748E+02 -5.000000000000000E+01 1 3.539730000000000E+01 
6.904608651179758E+01 1.741805124314168E+02 1 1.777300000000000E+01 
-5.000000000000000E+01 1.857131742384609E+02 1 2.051750000000000E+01 
1.196260770035338E+02 2.418983979829737E+02 1 3.142210000000000E+01 
7.852345101684844E+01 2.330403052505111E+02 1 2.639070000000000E+01 
1.475028756224859E+02 5.080588003750972E+01 1 2.816130000000000E+01 
2.791935224714351E+02 1.690797752333146E+02 1 2.377270000000000E+01 
1.602683481668193E+02 1.695384254101807E+02 1 2.078830000000000E+01 
1.521787733476594E+02 2.922794157494639E+02 1 3.650080000000000E+01 
2.451310367222638E+02 1.119248773594416E+02 1 3.703740000000000E+01 
