# input file for alanine 2D (d4-d13)

# optimization
userfn       userfn_2D.py
bounds       -50 310; -50 310
num_tasks    2
kernel       stdp
initpts      2 30
iterpts      50
verbosity    2
kappa_prior  gamma
kappa_priorparam 1 71.428
W_prior      gaussian
W_priorparam 0 8.451


RESULTS:
2.378731838000040E+02 1.004642360807712E+00 0 -2.030123721723656E+05 
2.294811094232752E+01 1.742983216468924E+01 0 -2.029988307465240E+05 
1.600660930472084E+02 1.602676065819262E+02 1 2.161510000000000E+01 
-7.455331526105866E+00 4.564464682749346E+00 1 3.485030000000000E+01 
2.066449476070655E+02 8.619788365521281E+00 1 1.874090000000000E+01 
7.508036982172278E+01 -2.851256439544188E+01 1 2.712460000000000E+01 
1.772725630378445E+02 3.048142715438204E+02 1 3.316910000000000E+01 
1.333303175214321E+02 9.541241458473220E+01 1 3.271600000000000E+01 
1.604976143323062E+02 2.302382404661301E+02 1 2.896510000000000E+01 
1.837653508957300E+01 2.758291238446971E+02 1 3.433400000000000E+01 
1.922252017086743E+02 9.484580445666705E+00 1 1.829070000000000E+01 
3.059785896781311E+02 -4.339099429078222E+01 1 2.419530000000000E+01 
4.719398261898930E+01 1.131212335923429E+02 1 2.919540000000000E+01 
2.712856804882180E+02 3.744956627256320E+01 1 2.786330000000000E+01 
2.876287236742925E+02 -2.651893039680398E-01 1 1.889350000000000E+01 
4.268477239925189E+01 1.585845895949206E+02 1 1.971440000000000E+01 
1.464886137354169E+01 2.605376387459078E+01 1 3.174230000000000E+01 
2.265943403671177E+02 1.970175884776532E+02 1 2.760700000000000E+01 
2.630457253888229E+02 2.311458897185927E+02 1 3.201620000000000E+01 
1.391900272907839E+02 2.978213281814829E+01 1 2.766470000000000E+01 
-1.240613019374649E+01 2.799205684233568E+02 1 3.331090000000000E+01 
2.586097464647038E+02 -4.274501169705486E+01 1 2.746030000000000E+01 
1.178829929871269E+02 1.397128915621133E+00 1 3.486660000000000E+01 
2.669721009479486E+02 2.889923123907986E+02 1 3.341950000000000E+01 
3.096835003753735E+02 1.749652376335720E+02 1 2.070740000000000E+01 
9.629617753459879E+00 2.334112956796749E+02 1 2.825460000000000E+01 
2.741160679347405E+02 -1.392087463475717E+00 1 1.873000000000000E+01 
8.214645021361049E+01 1.085366450090840E+02 1 3.071320000000000E+01 
2.790267917789016E+02 1.035746659376968E+02 1 3.575970000000000E+01 
3.033945024618388E+02 1.337380511830516E+02 1 2.816460000000000E+01 
1.955761672344677E+02 1.279205260309459E+01 1 1.847810000000000E+01 
2.032199641082011E+02 1.717615580904043E+02 1 2.407870000000000E+01 
