# input file for alanine 2D (d4-d13)

# optimization
userfn       userfn_2D.py
bounds       -50 310; -50 310
num_tasks    2
kernel       stdp
initpts      2 30
iterpts      50
verbosity    2
kappa_fixto  0 0
W_rank       2
W_prior      gaussian
W_priorparam 7.606 4.226


RESULTS:
2.353266006338911E+02 5.649732453686883E+00 0 -2.030121935759668E+05 
2.982777467877194E+02 2.616477913384508E+02 0 -2.029919713226637E+05 
-4.542286935123113E+01 -1.053943580272415E+01 1 2.193520000000000E+01 
3.064064817541659E+02 1.710344524334055E+02 1 2.111110000000000E+01 
2.036097290850487E+02 9.420284160789950E+01 1 3.446260000000000E+01 
4.244408598095882E+01 3.045020456763143E+02 1 3.225370000000000E+01 
3.100000000000000E+02 -4.532895330430266E+01 1 2.485810000000000E+01 
1.532309464576013E+02 2.533344756600551E+02 1 3.400780000000000E+01 
1.492410964958195E+02 1.954690414775294E+02 1 2.177570000000000E+01 
2.454445193785675E+02 1.555717183544579E+02 1 2.891620000000000E+01 
2.753243817648974E+01 5.728046196497352E+01 1 3.250340000000000E+01 
5.888926174830732E+01 1.808829731238814E+02 1 1.748510000000000E+01 
1.698818941620858E+02 5.751995949475202E+01 1 2.729850000000000E+01 
1.413786350706640E+02 1.542801502698553E+02 1 2.262390000000000E+01 
1.485952794967254E+02 -2.214456734268229E+01 1 3.192780000000000E+01 
1.439330774194674E+02 1.972056759556146E+01 1 2.643430000000000E+01 
2.496807789418974E+01 2.697763432018356E+02 1 3.368460000000000E+01 
1.183109676449566E+02 -4.697503579346434E+01 1 3.512160000000000E+01 
2.384782393841376E+02 6.807766583143585E+01 1 3.591260000000000E+01 
1.183140528356523E+02 2.479401766057259E+02 1 3.260860000000000E+01 
2.047200258248373E+02 1.866251138345836E+02 1 2.434910000000000E+01 
5.701344162568318E+01 9.395677345863355E+01 1 3.187680000000000E+01 
-2.066691961798366E+01 2.562774917844268E+02 1 3.164350000000000E+01 
2.870282014805371E+02 5.529087103386201E+01 1 3.294270000000000E+01 
-5.000000000000000E+01 2.271407652957551E+02 1 2.619080000000000E+01 
1.041509750882240E+02 9.861776954542734E+01 1 3.319530000000000E+01 
2.368916982475688E+02 -4.813156562486267E+01 1 3.096160000000000E+01 
-3.604192304078592E+01 2.014267209521859E+02 1 2.162370000000000E+01 
1.338191788519973E+02 4.916838489915015E+01 1 3.028110000000000E+01 
7.953620592364996E+01 8.215362579384524E+01 1 3.361160000000000E+01 
-6.892811198738104E+00 2.013687713204838E+02 1 2.206600000000000E+01 
2.286176937977613E+01 1.216323012656379E+02 1 2.903350000000000E+01 
