# input file for alanine 2D (d4-d13)

# optimization
userfn       userfn_2D.py
bounds       -50 310; -50 310
num_tasks    2
kernel       stdp
initpts      2 30
iterpts      50
verbosity    2
W_prior      gaussian
W_priorparam 10.757 4.226


RESULTS:
2.069587613999814E+02 2.314481597919226E+02 0 -2.029959852108531E+05 
1.171830095085659E+02 1.693549002039618E+02 0 -2.030073629808481E+05 
1.069426484424361E+02 -1.674876813953421E+01 1 3.291590000000000E+01 
1.344307595174086E+02 -4.222293691163159E+01 1 3.580220000000000E+01 
2.388514945467017E+02 2.110722292752206E+02 1 3.009360000000000E+01 
3.048532572144577E+02 1.887327851148539E+02 1 2.083340000000000E+01 
9.973199061303664E+01 9.371487208670027E+01 1 3.365430000000000E+01 
1.909579016438989E+02 2.696326092593157E+02 1 3.606090000000000E+01 
-1.500317190716364E+01 2.820316085570662E+02 1 3.301820000000000E+01 
7.717123712746884E+01 6.582786354849617E+01 1 3.354040000000000E+01 
2.406062812369729E+02 2.902670237302653E+02 1 3.608720000000000E+01 
2.252271325366768E+02 1.662547418971414E+02 1 2.704430000000000E+01 
1.919761492807872E+00 2.492651599552828E+02 1 3.152000000000000E+01 
2.010190518566523E+02 1.309976172674136E+02 1 2.980640000000000E+01 
3.131654097968707E+01 1.689636830579990E+01 1 2.789380000000000E+01 
2.520336205686836E+02 2.336562823211021E+02 1 3.376010000000000E+01 
1.549245915438394E+02 -1.796754484789531E+01 1 2.935680000000000E+01 
4.582335379858628E+01 1.715361577480495E+02 1 1.810390000000000E+01 
-1.553278942221307E+01 2.090589833212071E+02 1 2.319320000000000E+01 
2.471168345704219E+02 -3.019558909877228E+01 1 2.487750000000000E+01 
6.866658278125330E+01 2.698619633027719E+02 1 3.190330000000000E+01 
5.857272473005901E+01 1.793508005200950E+02 1 1.748660000000000E+01 
1.345668206404620E+02 1.518501116390610E+02 1 2.312160000000000E+01 
-3.077835761309070E+01 1.771444121578802E+02 1 2.050410000000000E+01 
2.557408713053716E+02 1.226934003281716E+02 1 3.482270000000000E+01 
-6.916496407290762E+00 2.782776221634179E+01 1 3.542620000000000E+01 
1.903948409481227E+02 1.574281704765005E+02 1 2.377750000000000E+01 
1.593334237905986E+02 2.675644648631016E+02 1 3.573890000000000E+01 
6.518467518652808E+01 -1.259218597560032E+01 1 2.508030000000000E+01 
2.590826506244237E+02 1.510926123379678E+02 1 2.876600000000000E+01 
7.683848101768857E+01 1.945682391313353E+02 1 1.877060000000000E+01 
6.134768295278533E+01 1.808705707926204E+02 1 1.748790000000000E+01 
