# input file for alanine 2D (d4-d13)

# optimization
userfn       userfn_2D.py
bounds       -50 310; -50 310
num_tasks    2
kernel       stdp
initpts      2 30
iterpts      50
verbosity    2
W_prior      gaussian
W_priorparam 10.757 4.226

thetaprior gamma
thetapriorparam 2 0.019; 3.3678 9.0204; 3.3678 9.0204
RESULTS:
3.790262900516699E+01 -8.289337246541310E+00 0 -2.030002037154905E+05 
1.489347671037972E+02 1.692497492326782E+02 0 -2.030072240788643E+05 
5.964807457872261E+01 2.124539838253834E+02 1 2.117950000000000E+01 
6.931032732985959E+01 1.670258344699961E+02 1 1.830970000000000E+01 
4.529543063449888E+01 2.047167684211099E+01 1 2.625050000000000E+01 
1.862238489594382E+02 3.458287870430119E+01 1 2.186820000000000E+01 
-2.469768388566001E+01 1.047097485026027E+02 1 3.448810000000000E+01 
2.814085100442990E+02 2.550815594733163E+02 1 3.284640000000000E+01 
2.714729563049988E+02 2.094245460376468E+01 1 2.280030000000000E+01 
2.053853085541802E+02 2.156157238756860E+02 1 2.863550000000000E+01 
1.277079140824911E+02 2.720233833860508E+02 1 3.637420000000000E+01 
2.440048388750858E+02 1.560530083767953E+02 1 2.888130000000000E+01 
2.940777174213148E+02 7.134643370443902E+01 1 3.550400000000000E+01 
6.060758355177290E+01 1.802158781720735E+02 1 1.748270000000000E+01 
2.750755546304471E+02 2.931538169638686E+02 1 3.149160000000000E+01 
1.738019547216506E+02 2.319370585608023E+02 1 2.956590000000000E+01 
3.100000000000000E+02 1.638419044863391E+01 1 2.599510000000000E+01 
1.899193822113996E+02 8.126849145618344E+01 1 3.208580000000000E+01 
8.600329782617054E+00 2.330539141327404E+02 1 2.820170000000000E+01 
3.253753543671398E+00 2.296314670303760E+01 1 3.414120000000000E+01 
5.484794913603034E+01 8.424574090283771E+01 1 3.251890000000000E+01 
2.423461449867057E+02 3.332764481771189E+01 1 2.639710000000000E+01 
1.538727600788392E+02 2.577592798755501E+02 1 3.470840000000000E+01 
1.577270875405041E+02 1.620877146955852E+02 1 2.140220000000000E+01 
2.627060013640948E+02 -4.151914205627292E+01 1 2.659500000000000E+01 
2.248781355523933E+02 2.365316377745702E+02 1 3.481280000000000E+01 
2.453442246077477E+00 1.310193882624974E+02 1 2.825460000000000E+01 
4.944281755088208E+01 1.474644036948941E+02 1 2.144880000000000E+01 
6.861668504208886E+01 2.294578292292983E+00 1 2.541550000000000E+01 
2.771610287598316E+01 1.055839075432761E+02 1 3.173200000000000E+01 
1.990120795366044E+02 2.266492240413409E+00 1 1.847500000000000E+01 
1.019254502031047E+02 1.410587846220866E+02 1 2.465540000000000E+01 
