# input file for alanine 2D (d4-d13)
# optimize aims with rst data from amber
# optimization
userfn       userfn_2D.py

bounds       -50 310; -50 310
kernel       stdp
initpts 5 100
iterpts     50
verbosity    2
data_sources    2


RESULTS:
 -5.000000000000000E+01 -5.000000000000000E+01  0.0      -8.802709572377000E+03
  1.300000000000000E+02  1.300000000000000E+02  0.0      -8.802650771197999E+03
  2.200000000000000E+02  4.000000000000000E+01  0.0      -8.802878353898999E+03
  4.000000000000000E+01  2.200000000000000E+02  0.0      -8.802815554653000E+03
  8.500000000000000E+01  8.500000000000000E+01  0.0      -8.802274129588999E+03 
 -5.000000000000000E+01 -5.000000000000000E+01  1.0       2.585050000000000E+01
  1.300000000000000E+02  1.300000000000000E+02  1.0       2.753240000000000E+01
  2.200000000000000E+02  4.000000000000000E+01  1.0       2.664890000000000E+01
  4.000000000000000E+01  2.200000000000000E+02  1.0       2.348490000000000E+01
  8.500000000000000E+01  8.500000000000000E+01  1.0       3.377250000000000E+01       1.858632913705087E+00       2.811340538945101E-01  2.631344927091030E-01
  2.146483478659151E+01  2.366442607599583E+02  1.0       2.848460000000000E+01       1.868530665788992E+00       9.296718642621515E-02  3.388346882584720E-01
  4.251918494426133E+01 -5.000000000000000E+01  1.0       3.176260000000000E+01       2.065245823739045E+00       1.086701778622251E-01  2.359868530980971E-01
  2.039256783126901E+02  5.713739193124337E+01  1.0       2.945160000000000E+01       2.059066454159776E+00       9.698775741453020E-02  2.351190466741620E-01
 -3.721347792381110E+01  3.100000000000000E+02  1.0       2.708670000000000E+01       2.040562707548977E+00       9.953835448128570E-02  2.325805530338459E-01
  4.671943190741666E+01  2.066637951096940E+02  1.0       2.036570000000000E+01       2.579944716723248E+00       2.077062015365611E-01  1.377919791035628E-01
  6.143355965568644E+01  2.081148454797243E+02  1.0       2.032800000000000E+01       2.726329351006057E+00       3.651341316221378E-01  1.322872765165696E-01
  6.360234541873194E+01  1.967825784634875E+02  1.0       1.856320000000000E+01       3.162880858154653E+00       3.941226096140881E-01  1.585445279004394E-01
  5.308889893829092E+01  1.832749841181558E+02  1.0       1.760060000000000E+01       3.513491109350558E+00       4.585164493476409E-01  2.643687889404281E-01
  7.648475792460681E+01  1.729539468158193E+02  1.0       1.815390000000000E+01       3.640188174639763E+00       5.078906476956178E-01  2.884801083495272E-01
  6.171005844856421E+00  1.741162935055917E+02  1.0       2.046800000000000E+01       3.688417920069686E+00       5.155159296390658E-01  2.948698931995077E-01
  5.639706116414440E+01  1.750560674060055E+02  1.0       1.760320000000000E+01       3.816657798998008E+00       5.166001336195825E-01  3.151710990363876E-01
  1.721933263319627E+02  1.916806845826632E+02  1.0       2.158840000000000E+01       3.853347632302722E+00       5.267197600865924E-01  3.162226262568811E-01
  6.127530007418457E+01  1.803026465738784E+02  1.0       1.748550000000000E+01       3.928016450516844E+00       5.201985842322538E-01  3.151070340739718E-01
  2.533413613929555E+02  1.776429081835358E+02  1.0       2.635210000000000E+01       3.952017183259973E+00       4.915318606624569E-01  3.086659609054113E-01
  5.951132633762078E+01  1.801779823699057E+02  1.0       1.748170000000000E+01       4.111474340331149E+00       4.799744910574687E-01  3.331821107610980E-01
  2.159719204560375E+02 -2.808137645531341E+01  1.0       2.493530000000000E+01       4.078695919036618E+00       4.784778943475370E-01  3.315464990251917E-01
 -4.769629056780578E+01  9.011416777375176E+01  1.0       3.589350000000000E+01       4.461722052500221E+00       5.780259651167241E-01  2.798376609703804E-01
  3.494225766102078E+01  1.701390991288436E+01  1.0       2.722000000000000E+01       4.417132046556822E+00       5.659082973443967E-01  2.890940986033509E-01
  1.878452107177146E+02  2.663662129847344E+02  1.0       3.576340000000000E+01       4.844239808820684E+00       6.174945921417331E-01  2.658018242607880E-01
  2.616005462782180E+02  2.288262881500533E+02  1.0       3.176470000000000E+01       4.827750640553177E+00       6.036408653582455E-01  2.725006922899681E-01
  1.300603882113823E+02 -4.448267128249500E-03  1.0       3.326540000000000E+01       5.068629438187069E+00       5.777260363092179E-01  2.697852852336435E-01
  3.012014746620457E+02  3.444545590724797E-01  1.0       2.040270000000000E+01       5.276762516629379E+00       5.539988158369825E-01  2.965328560766259E-01
  2.668472893103972E+02 -9.665941738281866E+00  1.0       1.918500000000000E+01       5.392731210787511E+00       5.463109302431218E-01  3.155448500177639E-01
  2.353874244853894E+02  1.216127068868901E+02  1.0       3.535630000000000E+01       5.498284738704031E+00       5.507620263953135E-01  3.097773447113850E-01
  1.248550862608486E+02  2.961482545195568E+02  1.0       3.654180000000000E+01       5.521170747612192E+00       5.498530742326477E-01  3.211654383521307E-01
  1.118436964562282E+00  5.660218502465332E+01  1.0       3.561900000000000E+01       5.631421108957595E+00       5.427505048737249E-01  3.079048726093866E-01
  1.184233559404694E+02  4.437283849730902E+01  1.0       3.262510000000000E+01       5.564181762843837E+00       5.414006599610659E-01  3.087645314775571E-01
  9.811785305477910E+00  1.151928217002888E+02  1.0       3.141510000000000E+01       5.506844478086002E+00       5.419079624732901E-01  3.088056622669271E-01
  2.873430365353180E+02  2.686787787318584E+02  1.0       3.257700000000000E+01       5.466429910313608E+00       5.448438574000473E-01  3.093675647503026E-01
  3.003871624042102E+02  1.389996278664144E+02  1.0       2.706090000000000E+01       5.538217755897564E+00       5.316660629124189E-01  3.107397753517929E-01
  1.416008305202244E+02  2.370812232241150E+02  1.0       3.076470000000000E+01       5.511302093325200E+00       5.321915548949796E-01  3.115952054653858E-01
  7.311642531382726E+01  2.699698873264212E+02  1.0       3.204460000000000E+01       5.476602314189361E+00       5.238388885648125E-01  3.130721957627061E-01
  2.816956024930612E+02  5.151830892139669E+01  1.0       3.197520000000000E+01       5.467631324680130E+00       5.246343383032340E-01  3.096544549040244E-01
  1.627383443840861E+02  9.337638108784286E+01  1.0       3.132590000000000E+01       5.438439941278687E+00       5.232613887823392E-01  3.107786385581528E-01
  1.899611967872135E+02  1.513800876613845E+02  1.0       2.462390000000000E+01       5.513870606399300E+00       5.161629970494278E-01  3.123505570064451E-01
 -4.612007330068008E+01  2.091095482082692E+02  1.0       2.276920000000000E+01       5.750976796224569E+00       4.843190972632782E-01  3.178947912935433E-01
  1.408011271522559E+02  1.759834780237743E+02  1.0       2.068820000000000E+01       5.778096552830120E+00       4.859220433413239E-01  3.225686310971467E-01
  8.082245359198014E+01 -1.910383469237542E+01  1.0       2.699390000000000E+01       5.907347693434247E+00       4.640597154611459E-01  3.075489830142402E-01
  2.374031408738325E+02  2.924242940532598E+02  1.0       3.583760000000000E+01       6.112897577378318E+00       4.379985984648975E-01  2.986304765599055E-01
  2.929890952278673E+02 -1.845964937813513E+01  1.0       1.916250000000000E+01       6.160823653358277E+00       4.397728484520119E-01  3.061222383697481E-01
  5.545274109970359E+00 -1.370478272573994E+01  1.0       3.418180000000000E+01       6.561624201312723E+00       3.719378248871655E-01  2.972820497463513E-01
 -4.314032794481475E+01  1.785967938482502E+02  1.0       2.040430000000000E+01       6.611901234585148E+00       3.738255548380202E-01  3.043538449192386E-01
  6.012086530620199E+01  1.794509163707318E+02  1.0       1.748360000000000E+01       6.669893331878815E+00       3.772884691130205E-01  3.106255658350788E-01
  1.765451005410467E+02  1.837720816848961E+01  1.0       1.945890000000000E+01       7.206608509516076E+00       3.450112687960664E-01  3.098508006168417E-01
  1.997604874783293E+02  5.404916196972600E+00  1.0       1.837970000000000E+01       7.249906347060805E+00       3.475269257450549E-01  3.148810440512379E-01
  1.862076671896615E+02  2.104662857764159E-01  1.0       1.896950000000000E+01       7.288466185604008E+00       3.482727020353334E-01  3.201758726709981E-01
  2.814107859422453E+02 -2.780181291411558E+00  1.0       1.854130000000000E+01       7.330471011994421E+00       3.514446099786751E-01  3.240241088584541E-01
  2.132447837305463E+02  2.233443738417777E+02  1.0       3.115560000000000E+01       7.300429111605973E+00       3.521038439068771E-01  3.249544521931275E-01
  4.633465524074462E+01  6.646794431211315E+01  1.0       3.222660000000000E+01       7.246961552187789E+00       3.526380568492440E-01  3.237656743489792E-01
  2.563332713503107E+02  8.584300562494467E+01  1.0       3.811240000000000E+01       7.233515164625252E+00       3.544570900941921E-01  3.280052464986323E-01
  1.674929812568804E+02 -5.000000000000000E+01  1.0       3.322490000000000E+01       7.193234176816511E+00       3.550537862583500E-01  3.279329698661528E-01
  8.031024053508173E+01  2.831723171337929E+01  1.0       3.106170000000000E+01       7.168009705130335E+00       3.485520135348793E-01  3.160441755248931E-01
  1.035779061208946E+02  1.903517516035039E+02  1.0       2.023260000000000E+01       7.195088304755499E+00       3.508969671213469E-01  3.190693732266681E-01
  5.952418624886170E+01  1.155614087045777E+02  1.0       2.851200000000000E+01       7.181601865027456E+00       3.509108979566290E-01  3.215961195499751E-01
  2.012351608917811E+02  1.047615529798037E+02  1.0       3.367530000000000E+01       7.132098736509203E+00       3.504894590686696E-01  3.213216794400506E-01
  8.359856636406963E+00  2.832974789429663E+02  1.0       3.455140000000000E+01       7.154483115040938E+00       3.509532370775676E-01  3.276646093787088E-01
 -3.083273619213459E+01  2.571025500512964E+02  1.0       3.115850000000000E+01       7.120035833270970E+00       3.522783150999158E-01  3.233384101706016E-01
  1.075984487979464E+02  2.529803038812663E+02  1.0       3.277930000000000E+01       7.095648851284138E+00       3.528935105504803E-01  3.245124065549771E-01
 -2.291629580310897E+01  1.351903561653606E+02  1.0       2.767920000000000E+01       7.084036749413421E+00       3.541023523838829E-01  3.254522964521092E-01
  2.158566397478827E+02  1.815939863726137E+02  1.0       2.554000000000000E+01       7.081889043720983E+00       3.552050516786293E-01  3.270255347869985E-01
 -1.560699700858411E+01  2.473858539843258E+01  1.0       3.546810000000000E+01       7.164505074667114E+00       3.447024946560019E-01  3.311310297751564E-01
  2.338264400962503E+02  2.563297736020581E+02  1.0       3.788640000000000E+01       7.155572617929125E+00       3.441764480408989E-01  3.344198531289453E-01
  1.244584257210117E+02  8.794443390746814E+01  1.0       3.361840000000000E+01       7.142221865046066E+00       3.443411929458276E-01  3.325687141318298E-01
  1.495756536888300E+02  2.728196362675091E+02  1.0       3.643720000000000E+01       7.114493988434461E+00       3.448491924509908E-01  3.336024051250845E-01
 -1.058167466867702E+01  2.115879338947082E+02  1.0       2.372580000000000E+01       7.121997768122982E+00       3.462817418432186E-01  3.354611533690406E-01
  1.550016138952043E+02  5.695628742687788E+01  1.0       2.822130000000000E+01       7.113194450295030E+00       3.468751832860338E-01  3.367959803591890E-01
 -3.888549471325924E+01  5.227203240170335E+01  1.0       3.541550000000000E+01       7.088679532739137E+00       3.476915872035231E-01  3.375361396751999E-01
  8.581772683779680E+01  3.052637073915125E+02  1.0       3.146230000000000E+01       7.068050620438226E+00       3.480411446448770E-01  3.364479432962831E-01
  9.665308870493745E+01  1.195427491004131E+02  1.0       2.928230000000000E+01       7.064856154519674E+00       3.491187480754334E-01  3.380394587333611E-01
  2.756009488611027E+02  1.128203425080708E+02  1.0       3.476770000000000E+01       7.047994063551953E+00       3.498297443577328E-01  3.392178671602548E-01
  2.828119587477173E+02  1.931170768498420E+02  1.0       2.315900000000000E+01       7.061678513778126E+00       3.516057789107846E-01  3.406429405256246E-01
  1.371173765263828E+02 -3.041040166375785E+01  1.0       3.496440000000000E+01       7.056887419539376E+00       3.513946251736409E-01  3.436498362583463E-01
 -1.322861134041147E+01  8.996349146439147E+01  1.0       3.636710000000000E+01       7.054427154986605E+00       3.518766539990764E-01  3.450022028639811E-01
  2.677010535637341E+02  3.071787771267436E+02  1.0       2.917500000000000E+01       7.052307617861111E+00       3.529650716765638E-01  3.463773558729930E-01
  2.660755207467930E+02  1.494637827665067E+02  1.0       2.832120000000000E+01       7.054508076282583E+00       3.540095744157573E-01  3.480155227712758E-01
  1.772404645894141E+02  2.334459685183948E+02  1.0       3.004950000000000E+01       7.051520644492961E+00       3.551180019080530E-01  3.492348436750493E-01
  2.536612333526360E+02  2.565116446829334E+01  1.0       2.426910000000000E+01       7.065121192899240E+00       3.557723467973625E-01  3.512313174917278E-01
  4.773787014594782E+01 -1.372936825565624E+01  1.0       2.640500000000000E+01       7.035775586449657E+00       3.547576341908453E-01  3.498950121492526E-01
  3.880118541662792E+01  2.688656308327961E+02  1.0       3.276590000000000E+01       7.029304273946526E+00       3.558077368679761E-01  3.508558089333043E-01
  2.787597538938604E+01  8.892511849998182E+01  1.0       3.352990000000000E+01       7.022719997711669E+00       3.568035768316222E-01  3.513903525511879E-01
  1.657335154743110E+02  1.298844178016732E+02  1.0       2.692720000000000E+01       7.018251700798635E+00       3.574655120736310E-01  3.520392752469917E-01
  2.968379980236094E+02  2.386364651343322E+02  1.0       2.900880000000000E+01       7.024685318936680E+00       3.580691361759797E-01  3.541829296417972E-01
  2.017010608413364E+02  3.005887979481480E+02  1.0       3.357190000000000E+01       7.022779635241226E+00       3.591726677186290E-01  3.553634798769132E-01
  2.245792361806025E+02  8.068979508071133E+01  1.0       3.664910000000000E+01       7.013343863712186E+00       3.600587038736654E-01  3.561639001637570E-01
  2.254506803306788E+02  1.506647584487718E+02  1.0       2.917180000000000E+01       7.019450654905137E+00       3.609187000285598E-01  3.578736332252747E-01
  1.088467917018998E+02 -2.594705235100046E+01  1.0       3.301990000000000E+01       7.013563970870827E+00       3.624635822978017E-01  3.578594219082149E-01
  8.648700735178407E+00 -4.283304792274846E+01  1.0       3.352310000000000E+01       6.979568155762176E+00       3.621958007945784E-01  3.519352249739709E-01
  1.432109453350068E+02  2.068969637393548E+02  1.0       2.371440000000000E+01       6.992379462091915E+00       3.630260682394210E-01  3.537932715059600E-01
 -2.502784570937499E+01 -1.627341457995580E+01  1.0       2.739020000000000E+01       6.958493205915820E+00       3.550871186539775E-01  3.395120628243158E-01
  2.483207490920032E+02  5.711037524388533E+01  1.0       3.372590000000000E+01       6.961009657895787E+00       3.555765043165771E-01  3.412406050689176E-01
  8.977803630687673E+01  5.753485211456127E+01  1.0       3.416420000000000E+01       6.959251724357971E+00       3.558957338920867E-01  3.427699322864874E-01
 -3.731307222861396E+01  1.137372191869049E+02  1.0       3.259400000000000E+01       6.960481912136617E+00       3.561240627188862E-01  3.444909143927585E-01
  1.038851528226715E+02  2.253286166539746E+02  1.0       2.655000000000000E+01       6.970448696523638E+00       3.568654651871799E-01  3.460601383047426E-01
 -4.409675577581546E+01  2.807875184811410E+02  1.0       3.078300000000000E+01       6.967497465084348E+00       3.569699434480311E-01  3.466172933384540E-01
  2.391097856183053E+02  2.068490891513357E+02  1.0       2.935810000000000E+01       6.971460267653901E+00       3.577838303564460E-01  3.477436764216140E-01
