# input file for alanine 4D

# optimization
userfn       userfn_4D.py
bounds       -50 310; -50 70; -50 310; -50 310
kernel       stdp
data_sources 2
initpts 2 85
iterpts      100
verbosity    2

RESULTS:
-5.000000000000000E+01 -5.000000000000000E+01 -5.000000000000000E+01 -5.000000000000000E+01 0 3.416900000000000E+01
1.300000000000000E+02 1.000000000000000E+01 1.300000000000000E+02 1.300000000000000E+02 0 3.298980000000000E+01
-5.000000000000000E+01 -5.000000000000000E+01 -5.000000000000000E+01 -5.000000000000000E+01 1 -8.802466732826000E+03
1.300000000000000E+02 1.000000000000000E+01 1.300000000000000E+02 1.300000000000000E+02 1 -8.802391830756000E+03
5.468926769222378E+01 6.394345192138684E+01 2.699116716195164E+02 1.022379322298639E+01 1 -8.802862853488999E+03
5.455326365905901E+01 6.701766256398881E+01 2.610720023238399E+02 6.215864929869689E+01 1 -8.802538583153000E+03
1.111569549305332E+02 5.031649461310443E+01 5.159693796799243E+01 -1.935886713544659E+01 1 -8.802597435911999E+03
8.411696472959207E+01 6.236841658025698E+01 2.968697094674554E+02 -1.101808654609709E+01 1 -8.802786689551000E+03
5.354989116769312E+01 5.202204603095976E+01 2.478564439066465E+02 -1.353733611022163E+01 1 -8.802861866435000E+03
4.266696638480153E+01 3.422389723339117E+01 2.770772446630813E+02 3.100000000000000E+02 1 -8.802448805321999E+03
2.531586719028318E+02 2.389073991688029E+01 1.593013207083737E+02 -1.886357110509495E+01 1 -8.802557660910999E+03
-1.584583541486175E+01 -2.269537106310914E+01 1.194096166530964E+02 2.154862722271208E+02 1 -8.802717587263000E+03
7.273098961570196E+01 6.750760849827353E+01 2.243598668792969E+02 -1.300025477600023E+01 1 -8.802906623768000E+03
1.020597544818629E+02 5.387321847776377E+01 2.284763557091272E+02 9.866235671693811E+00 1 -8.802880406662000E+03
1.294562989907234E+02 6.010751899869403E+01 2.083604029312648E+02 3.100000000000000E+02 1 -8.802619610004000E+03
3.572598832588847E+01 5.771045875652261E+01 1.859021695059791E+02 6.999747040697493E+00 1 -8.802871803931999E+03
5.484288940932868E+01 -2.555224338408656E+01 2.097288336759611E+02 4.264506371835291E+00 1 -8.802849849050999E+03
6.161795228756884E+01 1.770033253058218E+01 2.249586923354851E+02 1.305706948874169E+01 1 -8.802796522246999E+03
1.658881719173925E+02 -2.903074305827860E+01 2.527347704575266E+02 5.654926771951050E+00 1 -8.802675498883000E+03
-5.000000000000000E+01 -5.000000000000000E+01 4.651402218383893E-03 1.806908229335183E+02 1 -8.803047965070000E+03
2.720391638855489E+02 4.759307580726772E+01 -3.096155086972266E+01 1.824283118192733E+02 1 -8.803045561984000E+03
2.485003797112325E+02 -3.524721885292058E+01 3.080286920265156E+02 1.834276859623915E+02 1 -8.802909642526000E+03
-7.289076173301507E-01 5.444463632608343E+01 2.960029059563003E+02 1.870320884216839E+02 1 -8.803032862767001E+03
-4.116807807677135E+01 5.803062372528011E+01 3.100000000000000E+02 1.486783652993315E+02 1 -8.802847165511999E+03
3.077997553106960E+02 5.531090436506324E+01 -1.639301775418239E+01 2.179600812195098E+02 1 -8.802763039979000E+03
1.003880514638007E+02 5.628642065087881E+01 -5.349590147111008E+00 1.807965850690294E+02 1 -8.803075287111000E+03
2.011170470864240E+02 5.618213856214777E+01 7.210705853699683E+01 1.819118552058097E+02 1 -8.803059452908999E+03
9.604080596905343E+00 3.664803939428025E+01 5.483791873413458E+01 1.795508063720839E+02 1 -8.803048091945000E+03
1.220779024580097E+02 4.301170703062729E+01 1.902725423529238E+02 1.887435533569449E+02 1 -8.803004164529000E+03
1.533352815247544E+02 1.625508920016256E+01 2.014661857446106E+01 1.930028873419948E+02 1 -8.802890853256000E+03
3.086668142702638E+02 5.851904231519195E+01 1.599324032882740E+02 1.751516693995769E+02 1 -8.803013704043000E+03
7.104396301017555E+01 -4.164505665070591E+01 1.014722926479879E+02 1.768970872274030E+02 1 -8.803143102304000E+03
5.039160231524059E+01 -1.481773273937155E+01 2.190469204262387E+02 1.748030206165449E+02 1 -8.803116777896001E+03
1.010313313708766E+02 -4.740744448948895E+01 2.261725247366338E+02 1.660214781813666E+02 1 -8.803141783417001E+03
1.689405083522038E+02 7.914253208682203E+00 1.176270739034877E+02 2.597558123696502E+02 1 -8.802190420921001E+03
9.115301138631986E+01 -3.769785156317794E+01 2.255521477686306E+02 1.963674385582556E+02 1 -8.803107422415000E+03
1.552505201091465E+02 -2.856063985463484E+01 1.715893000967411E+02 1.780231914596435E+02 1 -8.802980470471000E+03
5.495811140630020E+01 -2.152907729373815E+01 -8.458352217558611E+00 1.716510168434166E+02 1 -8.803096540185999E+03
2.964503971644154E+02 -9.015699225300614E-02 4.667073929383459E+01 1.706831908321635E+02 1 -8.802941083672000E+03
3.680137675004801E+01 -4.319927453857824E+01 1.924053617060932E+02 1.772686363899788E+02 1 -8.803186598482000E+03
2.779387588429794E+02 2.145628822741187E+00 4.480088460684780E+01 5.039308522434266E+01 1 -8.802471489891999E+03
4.385033797477202E+01 1.465860339936478E+01 -5.000000000000000E+01 1.772627226237605E+02 1 -8.803011287791000E+03
5.789439239374334E+01 -3.745181809370395E+01 2.726094507014091E+02 1.747641088106939E+02 1 -8.803147775261001E+03
1.164577975944212E+01 -3.905420487339781E+01 7.244623905442232E+01 1.581643358723396E+02 1 -8.802934893771000E+03
5.501963718632949E+01 7.000000000000000E+01 4.863888689632901E+01 1.952845309555651E+02 1 -8.803106145882000E+03
5.515814607166507E+01 5.559239177509635E+01 2.070703340702027E+02 1.739421676801597E+02 1 -8.803219405930000E+03
1.302554377457102E+02 -3.487516948544422E+01 3.576806802170454E+01 1.849529136743541E+02 1 -8.803014234253000E+03
2.347290219881769E+02 4.719731587460710E+01 3.043931106607840E+01 1.601800336044924E+02 1 -8.802946910881001E+03
5.723305154721260E+01 5.974733927900674E+01 1.521761306316380E+02 1.891615336023394E+02 1 -8.803185310776000E+03
4.685313969424984E+01 -1.187670916895559E+01 -1.186068410903582E+01 1.967281754237435E+02 1 -8.802990001299000E+03
6.803551843321360E+01 6.499759936487935E+01 2.186023287335376E+02 1.830148640796626E+02 1 -8.803218031464001E+03
7.655476900179107E+01 6.492413922718990E+01 1.718385630271437E+02 1.738841028352552E+02 1 -8.803157700672000E+03
1.849246864899032E+01 3.017730560049386E+01 1.989247560174448E+02 1.900678873513722E+02 1 -8.803063165875001E+03
1.969534892515225E+02 4.781670517224939E+01 2.499925091772142E+02 1.690279998189588E+02 1 -8.802972096023999E+03
5.924036334323038E+01 -4.431245057570745E+00 1.094267449555606E+02 1.848256397939176E+02 1 -8.803059984127000E+03
2.688971890680038E+02 5.125116671310150E+01 6.907823603940706E+01 1.920823880737539E+02 1 -8.803036046871001E+03
7.053292894165800E+01 4.921827977752512E+01 2.627339938920572E+02 1.643439563991114E+02 1 -8.803124274604001E+03
7.908662869153703E+01 4.964235671345144E+01 8.629160424989931E+01 1.850217536760321E+02 1 -8.803129226090001E+03
3.306696219870826E+01 6.331335869424612E+01 2.310144034840388E+02 1.696685045430947E+02 1 -8.803196043133999E+03
2.873330538313686E+01 5.965959400643842E+01 2.021901733681252E+02 1.847704843459935E+02 1 -8.803193691340000E+03
5.375599337324616E+01 5.052063583345878E+01 2.326064592751130E+02 1.811913311886903E+02 1 -8.803218056909000E+03
9.250497963505248E+01 6.203257047374735E+01 2.561180318282130E+02 1.819959138664455E+02 1 -8.803200755873000E+03
1.185490333858701E+02 -1.130500304411407E+01 2.714403816001549E+02 1.784046827667279E+02 1 -8.802925017605001E+03
1.077842424660887E+02 7.000000000000000E+01 1.080379114338659E+02 2.013634254180565E+02 1 -8.802966440225000E+03
1.822204170384030E+02 5.964385229195197E+01 2.562318067408850E+02 2.071313880494187E+02 1 -8.802892903500000E+03
2.806150949980620E+02 5.094291472244216E+01 2.357898573056111E+02 2.557073795124938E+01 1 -8.802665598473001E+03
-1.592349640780388E-01 -1.626612866305567E+01 2.235183809269446E+02 1.369216841352361E+02 1 -8.802724137419000E+03
7.526873095864552E+01 5.362435699301697E+01 2.655889602135936E+02 2.032414533943709E+02 1 -8.803094275770000E+03
2.394538707933521E+02 -3.466995983458888E+01 7.214785078830684E+01 1.774893053247221E+02 1 -8.802943639028999E+03
4.884237186225729E+01 -5.000000000000000E+01 2.076135005556422E+01 1.748556828634668E+02 1 -8.803175708365001E+03
2.778359293012948E+01 5.760776608414649E+01 1.190440915921192E+02 1.795815139203822E+02 1 -8.803121706884000E+03
1.607376767528165E+02 6.460861356214303E+01 1.081105658992764E+02 4.255054274237887E+01 1 -8.802631768637000E+03
2.345235130085411E+02 3.088680510953099E+01 1.364197475801766E+02 1.848144119772051E+02 1 -8.802970773383000E+03
2.627785597417929E+02 6.355700639197905E+01 2.197052410317983E+02 1.806408418364228E+02 1 -8.803003315148000E+03
4.144019535857353E+01 -2.559508887597991E+01 4.603702956006241E+01 1.799855996573868E+02 1 -8.803068351557000E+03
-3.227558320834791E+00 -2.901751938045396E+01 6.784195641352255E+01 -4.386691238809939E+00 1 -8.802262521889999E+03
1.699950140907001E+02 3.369408215035519E+01 -2.061626446951486E+01 3.821793836217628E+01 1 -8.802409195474000E+03
2.506210431787472E+02 2.174303375341055E+01 1.840819171377717E+01 1.930626529162395E+02 1 -8.802920062777001E+03
2.418071765259096E+02 7.000000000000000E+01 1.745300876999259E+02 8.993345603610000E+01 1 -8.802178730948999E+03
8.557428919024063E+01 -4.126590979107186E+01 1.879849117508894E+01 1.434193539993202E+02 1 -8.802843684476000E+03
6.692898797842356E+01 1.419387518505244E+01 3.667186583203792E+01 1.714785595418990E+02 1 -8.803027445020000E+03
3.938119756160442E+01 -4.625785200401410E+01 1.906524032355887E+02 2.512835497899458E+02 1 -8.802483602439999E+03
4.450358478063764E+01 4.819024430193630E+01 -1.307252207571213E+00 1.871271852197397E+02 1 -8.803167532441999E+03
3.057853019589086E+02 -9.782699364399468E+00 2.018876661615964E+02 1.803183085058445E+02 1 -8.802911213263000E+03
1.623627357421506E+02 6.911164417211172E+01 -5.000000000000000E+01 1.760234485387663E+02 1 -8.802940671158000E+03
5.334781740360349E+01 3.483666183497689E+01 1.541546160868827E+02 1.786678469018033E+02 1 -8.803139910660000E+03
6.110736990043758E+01 6.820080068059481E+01 -3.391927912817319E+01 1.871100337691261E+02 1 -8.803163500459999E+03
2.982273488361485E+01 -5.000000000000000E+01 -2.095444186548483E+01 1.704096099471185E+02 1 -8.803111294259001E+03
