# input file for alanine 2D (d4-d13)

# optimization
userfn       userfn_2D.py
bounds       -50 310; -50 310
num_tasks    2
kernel       stdp
initpts      2 30
iterpts      50
verbosity    2
kappa_prior  gamma
kappa_priorparam 2 0.014
thetaprior gamma
thetapriorparam 2 0.019; 3.3678 9.0204; 3.3678 9.0204

RESULTS:
1.660578158814135E+01 1.745813287296945E+02 0 -2.030080538617265E+05 
6.370361647932192E+01 2.952990943569414E+02 0 -2.029926719778547E+05 
2.718718015487507E+02 3.100000000000000E+02 1 2.784530000000000E+01 
1.639877536819437E+02 9.718440915102458E+01 1 3.120640000000000E+01 
2.466904371484499E+02 1.569552512792640E+02 1 2.865620000000000E+01 
3.100000000000000E+02 2.595747015339582E+01 1 2.857510000000000E+01 
-1.554043688469961E+01 9.218949096607642E+01 1 3.619790000000000E+01 
3.116634763665223E+01 2.335737742128757E+01 1 2.821510000000000E+01 
-4.088423584614254E+01 1.245142794937285E+02 1 3.013290000000000E+01 
2.581552980898266E+02 8.151356490660835E+01 1 3.778710000000000E+01 
2.796669548551167E+02 1.531609493727606E+02 1 2.596310000000000E+01 
1.100051059613096E+01 2.831079369817115E+02 1 3.459520000000000E+01 
1.025957814092498E+02 -4.366902284520961E+01 1 3.258380000000000E+01 
6.127623090362870E+01 1.808510877986909E+02 1 1.748740000000000E+01 
1.578569451506812E+01 -8.371856578220013E+00 1 3.316240000000000E+01 
2.615791394172345E+02 1.876313474115512E+02 1 2.563610000000000E+01 
1.416811486348085E+02 -2.151555370973160E+01 1 3.344070000000000E+01 
4.084891925369716E+01 2.574164794766283E+02 1 3.129740000000000E+01 
1.148244213614980E+02 1.087764283145953E+02 1 3.180410000000000E+01 
2.277292731061434E+02 2.613540635083993E+02 1 3.815420000000000E+01 
1.225963956625736E+02 5.159640085726100E+00 1 3.413240000000000E+01 
1.639784922251546E+02 4.383124811193197E+01 1 2.473970000000000E+01 
3.025876754026475E+02 8.531995117074901E+01 1 3.599800000000000E+01 
2.788943146556594E+02 1.157835007493664E+02 1 3.392850000000000E+01 
1.725428620746286E+02 1.775757017780583E+02 1 2.087070000000000E+01 
4.048215183508836E+01 1.090727737084424E+02 1 3.025640000000000E+01 
2.340707498362987E+02 3.000487512532026E+02 1 3.428290000000000E+01 
2.134011855387329E+02 7.829244798676905E+01 1 3.493480000000000E+01 
1.923370850283242E+02 3.083649751209099E+00 1 1.843210000000000E+01 
4.248280340863217E+01 1.727181372189536E+02 1 1.819960000000000E+01 
1.823528021824335E+02 2.036476321414618E+02 1 2.388300000000000E+01 
-1.163207760128404E+01 1.457500356300574E+01 1 3.519700000000000E+01 
