# input file for alanine 4D (d4 d7 d11 d13)

# optimization
userfn       userfn_4D.py
bounds       -50 310; -50 70; -50 310; -50 310
kernel       stdp
data_sources 2
initpts 2 115
iterpts      100
verbosity    2


RESULTS:
-5.000000000000000E+01 -5.000000000000000E+01 -5.000000000000000E+01 -5.000000000000000E+01 0 -8.802466732826000E+03
1.300000000000000E+02 1.000000000000000E+01 1.300000000000000E+02 1.300000000000000E+02 0 -8.802391830756000E+03
-5.000000000000000E+01 -5.000000000000000E+01 -5.000000000000000E+01 -5.000000000000000E+01 1 3.416900000000000E+01
1.300000000000000E+02 1.000000000000000E+01 1.300000000000000E+02 1.300000000000000E+02 1 3.298980000000000E+01
1.152237774362999E+02 -8.075397064753197E+00 1.068786670995425E+02 6.459833416252263E+01 1 3.708780000000000E+01
2.046501741970990E+02 -5.000000000000000E+01 3.060013514124721E+02 -4.696017030291152E+01 1 3.848720000000000E+01
1.431818287410507E+02 2.229859981493482E+01 1.597415547373020E+02 1.660134049123336E+02 1 2.306750000000000E+01
1.571555924455431E+02 3.123691348190419E+01 1.831599628106842E+02 1.937954143916675E+02 1 2.010210000000000E+01
1.014658984036153E+02 3.187498759361008E+01 1.922383293656228E+02 1.900342764048800E+02 1 2.110470000000000E+01
1.508015021640620E+02 2.495778529171410E+01 2.307854733536757E+02 1.623363959191850E+02 1 2.280430000000000E+01
1.441137002751831E+02 4.625824472314127E+01 1.854443591711553E+02 1.453371457662488E+02 1 2.380000000000000E+01
2.658383131879641E+02 2.958531656814240E+01 1.877344168056250E+02 1.750640390015171E+02 1 2.401710000000000E+01
1.222908265030301E+02 4.128077260582264E+01 1.206610509602910E+02 2.234942919391719E+02 1 2.867040000000000E+01
1.415142099743243E+02 1.102869858535136E+01 2.021628161152404E+02 2.364675864206717E+02 1 3.025030000000000E+01
2.335154635033592E+01 3.283423050321623E+01 2.138995203434760E+02 1.196828822726591E+02 1 2.945300000000000E+01
1.347233759212218E+02 3.671599239158770E+01 -5.000000000000000E+01 1.854339141805361E+02 1 2.593990000000000E+01
2.062293307911801E+02 4.748771279672140E+01 2.318499688018543E+02 1.974982803810385E+02 1 2.401960000000000E+01
1.176761739158591E+02 -4.579618052303527E+01 2.022339342411894E+02 1.858302226903813E+02 1 1.985140000000000E+01
2.141493882888080E+02 -3.747590192781870E+01 1.715080555442480E+02 1.807634648092472E+02 1 2.219070000000000E+01
-3.985000164197079E-01 -3.279134016406109E+01 2.157429326238582E+02 1.854067465781305E+02 1 2.112860000000000E+01
1.548451485023932E+02 -2.826148541471718E+01 2.592873884967121E+02 1.652412714921717E+02 1 2.372140000000000E+01
1.964139959014940E+01 -4.720175525028878E+01 1.349747534037254E+02 1.770241803090458E+02 1 1.968520000000000E+01
9.934136787536568E+00 -3.734860406509040E+01 2.091743158147031E+01 1.821623476242699E+02 1 2.144780000000000E+01
-2.859213141760499E+01 -2.466497157895155E+01 1.023134753799042E+02 2.166102481293182E+02 1 2.540140000000000E+01
2.921552115770058E+02 6.932552040463956E+01 4.991816676283308E+01 1.390532563632468E+02 1 2.780740000000000E+01
1.047673555179408E+02 -3.103495339224148E+01 8.561175713928243E+01 1.802556371607402E+02 1 2.129160000000000E+01
-2.198177659400711E+01 2.841341270653938E+01 1.695849339814268E+02 1.227376808634726E-02 1 3.251600000000000E+01
7.080564075193124E+00 -1.224432070748041E+00 -3.830779406459521E+01 1.800094228903097E+02 1 2.955210000000000E+01
5.997931981001798E+01 -4.782877594029669E+01 -5.000000000000000E+01 1.483826161225187E+02 1 2.290980000000000E+01
5.371525489257655E+01 -4.174385647243809E+01 3.007790617829854E+02 2.169569397393051E+02 1 2.474340000000000E+01
-1.282476435025587E+01 -4.325159365789824E+01 2.804570821448243E+02 6.332085740427055E+01 1 3.500730000000000E+01
6.268233518112682E+01 -3.367370214038998E+01 1.749147473961328E+02 1.532002540185591E+02 1 1.992310000000000E+01
7.577150736519118E+01 6.337910844604821E+01 5.857964043225255E+01 1.689079758801666E+02 1 1.842300000000000E+01
4.208398325603698E+01 5.920833040151162E+01 2.172849750485830E+02 1.716934937569528E+02 1 1.660460000000000E+01
3.460126353714376E+01 -1.254106248254505E+01 6.528478383998429E+01 3.000300199481376E+02 1 3.652830000000000E+01
1.903823964343281E+02 6.988252304893052E+01 4.421008561406196E+01 1.863384555104261E+02 1 2.195880000000000E+01
-8.624985489917986E+00 4.913649922823593E+01 3.874096139722487E+01 1.975405450748140E+02 1 2.241570000000000E+01
2.233660374957628E+02 5.394867841237248E+00 6.713753997051907E+01 1.966754039321685E+02 1 3.092930000000000E+01
-6.592149045386883E+00 5.470277905705202E+01 2.024434546173295E+02 2.149524749703201E+02 1 2.472640000000000E+01
3.100000000000000E+02 6.608135463593922E+01 2.263500007772631E+02 1.600846130927673E+02 1 2.078190000000000E+01
1.400130714574288E+02 6.176469726942076E+01 1.233069954488467E+02 1.730994389079763E+02 1 2.118570000000000E+01
4.430437866463952E+00 5.748701864976553E+01 -5.000000000000000E+01 1.777583783066682E+02 1 2.304670000000000E+01
6.993457897011655E+01 6.906581259045856E+01 4.059187585063508E+01 2.056737619094901E+02 1 2.018850000000000E+01
5.929942470393284E+01 -4.670553348298795E+01 2.313902206529620E+02 1.612531340954212E+02 1 1.769760000000000E+01
1.701485278761335E+01 -5.000000000000000E+01 1.917568559163106E+02 1.498718981219845E+02 1 2.220800000000000E+01
2.313686409357941E+02 3.317977836931853E+01 6.046609382319422E+00 4.347322220325829E+01 1 2.949910000000000E+01
2.795858913146462E+02 -4.377896573181080E+01 -4.753574210422605E+00 2.041788177973686E+02 1 2.476030000000000E+01
2.572502200434262E+02 -2.008310831518441E+01 2.340373840970546E+02 1.295875226300060E+02 1 3.483030000000000E+01
8.232327708754262E+01 5.029485219892226E+01 1.421410795310695E+01 1.417296343122538E+01 1 2.644560000000000E+01
7.763007466785143E+01 -1.332490332000236E+01 2.031582120199323E+02 1.798490809324563E+02 1 1.973620000000000E+01
1.265022085141073E+02 2.078220290883347E+01 2.659100971573831E+02 1.106932756619698E+01 1 3.739930000000000E+01
2.755953523852962E+02 5.988636374733952E+01 1.191623676989099E+02 1.894658041571124E+02 1 2.018430000000000E+01
2.682837848602986E+02 6.820234084043705E+01 8.528447196731992E+01 1.560700719194143E+01 1 2.610030000000000E+01
3.610729377190477E-01 4.792751926394227E+01 6.514523703287348E+01 4.771571353244550E+01 1 3.500140000000000E+01
1.638216345249912E+02 6.090904620826034E+01 1.011244327766933E+02 1.033609534147180E+01 1 2.021240000000000E+01
8.863209179907498E+01 -4.757990161087795E+01 1.416831264900425E+02 -7.590425116137423E+00 1 2.557650000000000E+01
1.620118744522843E+02 -3.811796728707289E+01 3.368441448087505E+01 1.894831553093215E+01 1 2.802920000000000E+01
2.030394891907399E+02 3.917443070262665E+01 9.262643763735105E+01 -2.141875246611491E+01 1 2.099610000000000E+01
1.213404691357391E+02 5.067814230871721E+01 7.762889684315140E+01 -3.023547542233813E+01 1 3.626740000000000E+01
2.218972016135596E+02 -6.220739049317308E+00 1.368228970410613E+02 -6.732168526275636E+00 1 3.155510000000000E+01
2.162271155892414E+02 5.065145612365854E+01 1.759591212208323E+02 1.050628562606859E+01 1 3.213350000000000E+01
2.605756044629896E+02 3.203902452148564E+01 1.276165851509092E+02 2.821185905225265E+02 1 3.399750000000000E+01
2.587550200525327E+02 2.827779116783828E+01 3.399291149039847E+01 -9.233658223619926E+00 1 2.396450000000000E+01
1.558425930107172E+02 5.236162760509342E+01 -1.406968978505508E+01 1.034130945490391E+02 1 3.301680000000000E+01
1.863951196549303E+02 3.012504358669777E+01 7.650926694080412E+01 1.033981478189696E+01 1 2.004160000000000E+01
1.661022099314881E+02 -3.221571846229445E+01 1.088702215997890E+01 2.381301573303889E+02 1 3.057520000000000E+01
3.266895495161700E+01 3.357782310883641E+01 1.011951560924815E+02 1.688260500389132E+02 1 2.081280000000000E+01
9.665403160078364E+01 -3.876912024343088E+01 -6.331140552641576E+00 1.788579087955756E+02 1 2.151530000000000E+01
2.197345394127283E+02 4.855588127019075E+01 1.110742063338787E+02 1.609014360523641E+02 1 2.575370000000000E+01
1.136390252521719E+01 2.626322159225073E+01 2.054181631544338E+02 1.736813530507297E+02 1 2.138620000000000E+01
2.106585006986359E+02 5.319072244719864E+01 5.448426906407282E+01 9.109859890601703E-01 1 1.965880000000000E+01
1.996129870965816E+01 -2.618226369709721E+01 -1.886437234261408E+01 2.784378752101710E+00 1 2.996040000000000E+01
2.833402703975192E+02 -4.271254365954931E+01 2.010668157563346E+02 2.018209939683807E+02 1 2.298880000000000E+01
7.786813899059655E+01 4.538630101413002E+01 2.380881017716112E+02 1.584191647034477E+02 1 1.952420000000000E+01
7.108476534079638E+01 6.693039799049265E+01 1.750714060892859E+02 3.336912137162810E+01 1 2.774280000000000E+01
2.083357952301741E+02 -5.000000000000000E+01 1.243162197546591E+02 2.181263216020867E+02 1 2.544440000000000E+01
-3.568238333639876E+01 5.022656449643409E+01 1.616442441612035E+02 1.757173057797818E+02 1 1.975440000000000E+01
6.714750612442411E+01 5.508785745256857E+01 1.571210947516993E+02 1.737612344764536E+02 1 1.648990000000000E+01
5.737118618131365E+01 -3.419224419945133E+01 1.658372200918065E+02 2.035322253366998E+02 1 1.933930000000000E+01
4.974944550875886E+01 -2.345556959171918E+00 1.108725936756985E+02 1.937947407586114E+02 1 2.173670000000000E+01
5.635768114373672E+01 4.312054728864670E+01 1.992956187658486E+01 1.822660980049011E+02 1 1.774110000000000E+01
3.003383075617278E+02 -2.965654365062265E+01 1.379328503282773E+02 1.719825231403170E+02 1 2.032410000000000E+01
4.193232437026381E+01 6.232197472065736E+01 2.348786029567404E+02 -2.239085031773815E+01 1 2.707360000000000E+01
1.898759994029024E+02 5.606717600575416E+01 9.062813030693800E+01 4.583550465682795E+01 1 2.809760000000000E+01
4.925683085898740E+01 4.965895645589257E+01 9.854607504372603E+01 1.943817354124210E+02 1 1.820010000000000E+01
-5.000000000000000E+01 -4.699605099704566E+01 6.721428490006812E+01 1.823913070233741E+02 1 2.038120000000000E+01
6.479912094717157E+01 6.044991171211132E+01 2.127134729405429E+02 1.877484869149769E+02 1 1.619890000000000E+01
1.732116534945908E+02 6.077172400581329E+01 1.941242270237254E+02 1.775106244296632E+02 1 1.767790000000000E+01
5.517380012092752E+01 -3.546331168615837E+01 5.732585261138240E+01 1.806326887214135E+02 1 1.857930000000000E+01
5.884878138085536E+01 -4.784609306224813E+01 1.885888386456084E+02 1.787184297333260E+02 1 1.611370000000000E+01
3.349874171860398E+01 6.525255370098918E+01 1.043096936905441E+02 -2.819121907232328E+00 1 2.597250000000000E+01
1.637955851683724E+02 -2.546016929914573E+01 1.623835625371122E+02 1.932358294570706E+02 1 2.070060000000000E+01
2.864290837186569E+02 -5.000000000000000E+01 1.678121028571245E+02 1.678738275077123E+02 1 2.028740000000000E+01
5.003565694920411E+01 4.191772262256351E+01 1.789561601998639E+02 1.862722520096641E+02 1 1.703150000000000E+01
4.871957664399134E+01 6.174111094640086E+01 1.759544704462525E+01 1.814636243751705E+02 1 1.709330000000000E+01
2.002602085595957E+02 5.972356175774022E+01 3.100000000000000E+02 1.618243258344195E+02 1 2.424830000000000E+01
4.434685462818207E+01 5.508148637499729E+01 5.273359015153949E+01 1.781964569695793E+02 1 1.790320000000000E+01
5.915952051363981E+01 -5.000000000000000E+01 2.580212446156573E+02 1.810907033810395E+02 1 1.723040000000000E+01
7.004933126497464E+01 -4.762566956184969E+01 1.316161185113552E+02 1.833283860555504E+02 1 1.674340000000000E+01
6.224415470988994E+01 2.045235559771913E+01 1.282148591104099E+02 7.012207455926364E+00 1 2.794780000000000E+01
5.467242769071781E+01 4.477222737205513E+01 2.382514584724636E+02 1.825589602348598E+02 1 1.719420000000000E+01
6.471552324830236E+01 5.707442921385902E+01 2.066619777947120E+02 1.752946388470832E+02 1 1.609350000000000E+01
3.049426654766282E+02 5.928543000885816E+01 7.012336115217113E+01 -2.521029115555472E+01 1 2.172610000000000E+01
3.100000000000000E+02 5.365293121549885E+01 1.192315160501788E+01 4.749062880519880E+00 1 1.990340000000000E+01
-5.000000000000000E+01 -2.717464243004715E+01 3.836233975153625E+01 -2.602602738517704E+00 1 2.069750000000000E+01
2.812705865105158E+02 -4.714784195781723E+01 1.466757114160192E+01 -4.874458994408536E+00 1 2.152610000000000E+01
1.893958836888628E+02 7.000000000000000E+01 9.493646052798995E+01 -8.443154963661385E+00 1 1.805240000000000E+01
6.214231861283008E+01 6.032392285044384E+01 1.667058255583321E+02 1.874434100509369E+02 1 1.626010000000000E+01
3.014841385549563E+02 8.905502597445222E+00 -1.142644404166446E+00 2.354786350811823E+01 1 2.456770000000000E+01
1.730059858590960E+02 6.069696853563632E+01 1.473912035838558E+02 -1.686719231768489E+01 1 2.284000000000000E+01
5.003668843724089E+01 -5.000000000000000E+01 2.187962828383972E+02 1.843244943355574E+02 1 1.620350000000000E+01
1.660370362165890E+02 6.978285417997587E+01 2.232349428743807E+02 1.967180201180382E+02 1 1.942220000000000E+01
1.838263455939899E+02 5.337975147962694E+01 7.281145678066127E+01 -5.517766611703648E+00 1 1.826010000000000E+01
-3.068239293774664E+01 2.750341639286065E+01 3.106070196693200E+01 -1.663510369612964E+01 1 2.435550000000000E+01
6.500182754366872E+01 5.610651966561299E+01 -1.475735473287899E+01 1.854514796046597E+02 1 1.790620000000000E+01
2.952407422428410E+02 4.939776003790923E+01 -6.407156907606235E+00 1.709374725824200E+02 1 2.079780000000000E+01
5.385131803692676E+01 6.083496444431734E+01 1.461353020113316E+02 1.787826845005153E+02 1 1.610630000000000E+01
