# input file for alanine 2D (d4-d13)

# optimization
userfn       userfn_2D.py
bounds       -50 310; -50 310
num_tasks    2
kernel       stdp
initpts      2 30
iterpts      50
verbosity    2
W_prior      gaussian
W_priorparam 10.757 4.226

thetaprior gamma
thetapriorparam 2 0.019; 3.3678 9.0204; 3.3678 9.0204
RESULTS:
-5.000000000000000E+01 1.768623044202856E+02 0 -2.030085387989503E+05 
5.284321673809778E+01 1.299607437554897E+02 0 -2.029987395064385E+05 
1.073540748220248E+02 1.435878244613145E+02 1 2.436060000000000E+01 
1.616576354407880E+02 -5.000000000000000E+01 1 3.396220000000000E+01 
1.371661193439894E+02 1.460605071819198E+02 1 2.411800000000000E+01 
2.576091583881362E+02 -1.349424454809564E+01 1 2.028420000000000E+01 
2.942126455841799E+02 2.702954626170585E+02 1 3.186550000000000E+01 
1.402928798912108E+02 2.158121111138026E+02 1 2.563970000000000E+01 
2.138269669529790E+02 -4.743533608377275E+01 1 3.083970000000000E+01 
4.532579889731973E+01 1.783477179764115E+02 1 1.785330000000000E+01 
2.399410264516058E+02 8.933832566483757E+01 1 3.834670000000000E+01 
5.854647135252882E+01 1.881921158700335E+02 1 1.773740000000000E+01 
2.231795295740829E+02 2.835724461525294E+02 1 3.730420000000000E+01 
-6.085235018576172E+00 9.170333172460731E+01 1 3.596060000000000E+01 
7.483230506141717E+01 -2.097113499095057E+01 1 2.633110000000000E+01 
1.410048878959512E+02 1.188492526966605E+02 1 2.939280000000000E+01 
2.720575698064810E+02 1.209308303241365E+02 1 3.365610000000000E+01 
2.619678618508700E+02 2.643566288996028E+01 1 2.444940000000000E+01 
2.430780981398216E+02 2.227700826820483E+02 1 3.224340000000000E+01 
7.702647479769841E+00 -5.000000000000000E+01 1 3.367970000000000E+01 
2.014750213847207E+02 6.688853031673602E+01 1 3.136290000000000E+01 
3.100000000000000E+02 1.966217632375469E+02 1 2.119530000000000E+01 
2.302399631983290E+02 1.042226376807255E+01 1 2.044310000000000E+01 
2.807922796795498E+02 3.079434261561179E+02 1 2.730760000000000E+01 
1.911687858560853E+02 8.348724846536278E+00 1 1.828780000000000E+01 
3.061054913085946E+02 2.286832084448227E+02 1 2.662320000000000E+01 
2.798523780878688E+02 -9.240286509097126E+00 1 1.849650000000000E+01 
5.196337770827596E+01 2.697727201945658E+01 1 2.698510000000000E+01 
-3.801788193908268E+01 1.249607078925008E+02 1 3.004450000000000E+01 
9.387362462903040E+01 2.289549821967778E+01 1 3.317220000000000E+01 
2.756253705703154E+02 1.914820616482421E+02 1 2.400130000000000E+01 
1.211088710237853E+02 1.874618232611363E+02 1 2.087780000000000E+01 
