# input file for alanine 2D (d4-d13)
# optimize aims with rst data from amber
# optimization
userfn       userfn_2D.py

bounds       -50 310; -50 310
kernel       stdp
initpts 5 15
iterpts     50
verbosity    2
data_sources    2


RESULTS:
 -5.000000000000000E+01 -5.000000000000000E+01  0.0      -8.802709572377000E+03
  1.300000000000000E+02  1.300000000000000E+02  0.0      -8.802650771197999E+03
  2.200000000000000E+02  4.000000000000000E+01  0.0      -8.802878353898999E+03
  4.000000000000000E+01  2.200000000000000E+02  0.0      -8.802815554653000E+03
  8.500000000000000E+01  8.500000000000000E+01  0.0      -8.802274129588999E+03 
 -5.000000000000000E+01 -5.000000000000000E+01  1.0       2.585050000000000E+01
  1.300000000000000E+02  1.300000000000000E+02  1.0       2.753240000000000E+01
  2.200000000000000E+02  4.000000000000000E+01  1.0       2.664890000000000E+01
  4.000000000000000E+01  2.200000000000000E+02  1.0       2.348490000000000E+01
  8.500000000000000E+01  8.500000000000000E+01  1.0       3.377250000000000E+01       1.858632913705087E+00       2.811340538945101E-01  2.631344927091030E-01
  2.146483478659151E+01  2.366442607599583E+02  1.0       2.848460000000000E+01       1.868530665788992E+00       9.296718642621515E-02  3.388346882584720E-01
  4.251918494426133E+01 -5.000000000000000E+01  1.0       3.176260000000000E+01       2.065245823739045E+00       1.086701778622251E-01  2.359868530980971E-01
  2.039256783126901E+02  5.713739193124337E+01  1.0       2.945160000000000E+01       2.059066454159776E+00       9.698775741453020E-02  2.351190466741620E-01
 -3.721347792381110E+01  3.100000000000000E+02  1.0       2.708670000000000E+01       2.040562707548977E+00       9.953835448128570E-02  2.325805530338459E-01
  4.671943190741666E+01  2.066637951096940E+02  1.0       2.036570000000000E+01       2.579944716723248E+00       2.077062015365611E-01  1.377919791035628E-01
  6.143355965568644E+01  2.081148454797243E+02  1.0       2.032800000000000E+01       2.726329351006057E+00       3.651341316221378E-01  1.322872765165696E-01
  6.360234541873194E+01  1.967825784634875E+02  1.0       1.856320000000000E+01       3.162880858154653E+00       3.941226096140881E-01  1.585445279004394E-01
  5.308889893829092E+01  1.832749841181558E+02  1.0       1.760060000000000E+01       3.513491109350558E+00       4.585164493476409E-01  2.643687889404281E-01
  7.648475792460681E+01  1.729539468158193E+02  1.0       1.815390000000000E+01       3.640188174639763E+00       5.078906476956178E-01  2.884801083495272E-01
  6.171005844856421E+00  1.741162935055917E+02  1.0       2.046800000000000E+01       3.688417920069686E+00       5.155159296390658E-01  2.948698931995077E-01
