# input file for alanine 2D (d4-d13)

# optimization
userfn       userfn_2D.py
bounds       -50 310; -50 310
num_tasks    2
kernel       stdp
initpts      2 30
iterpts      50
verbosity    2



RESULTS:
3.100000000000000E+02 2.246508801387145E+02 0 -2.029997568633468E+05 
2.946171234642782E+02 4.768818250393051E+01 0 -2.029938293896815E+05 
2.134011855387329E+02 7.829244798676905E+01 1 3.493480000000000E+01 
2.788943146556594E+02 1.157835007493664E+02 1 3.392850000000000E+01 
8.713663235759616E+01 1.207210978866211E+01 1 3.067240000000000E+01 
2.874127482984686E+02 -1.825025638774285E+01 1 1.907590000000000E+01 
6.699179132503319E+01 4.925602317775337E+01 1 3.143790000000000E+01 
-1.581666927709900E+01 2.044531739347617E+02 1 2.243640000000000E+01 
1.100051059613096E+01 2.831079369817115E+02 1 3.459520000000000E+01 
2.510970437906821E+01 6.683804191883311E+01 1 3.359070000000000E+01 
2.876235137868812E+02 -6.283082961646260E+00 1 1.849580000000000E+01 
-1.212504938829530E+01 1.426900402405119E+02 1 2.587080000000000E+01 
2.723435220511499E+02 2.297904677017433E+02 1 3.044620000000000E+01 
1.884273977018657E+02 1.786795738412420E+01 1 1.885220000000000E+01 
1.950860867141029E+02 2.924609414088414E+02 1 3.486130000000000E+01 
1.266139245671964E+02 1.719107203331092E+02 1 2.084360000000000E+01 
8.409657775628264E+01 2.748137847985608E+02 1 3.291070000000000E+01 
2.363539366542018E+02 1.243881258938019E+02 1 3.489100000000000E+01 
2.384940719956762E+02 2.243858776569522E+02 1 3.269770000000000E+01 
2.513287759341516E+02 -4.604847223226288E+00 1 1.985960000000000E+01 
1.410836525163337E+02 1.322093437766827E+02 1 2.679940000000000E+01 
9.688699946480916E+01 8.184987819800064E+01 1 3.443400000000000E+01 
3.512158645954362E+00 4.734991652156835E+01 1 3.474610000000000E+01 
5.874352122545197E+01 1.801868567192550E+02 1 1.748350000000000E+01 
1.264794778927962E+02 2.698329254841571E+02 1 3.615220000000000E+01 
1.316593672024681E+02 3.480952174982863E+01 1 2.970190000000000E+01 
6.127623090362870E+01 1.808510877986909E+02 1 1.748740000000000E+01 
1.823528021824335E+02 2.036476321414618E+02 1 2.388300000000000E+01 
2.838478198110328E+01 3.100000000000000E+02 1 3.331520000000000E+01 
4.048215183508836E+01 1.090727737084424E+02 1 3.025640000000000E+01 
3.326171431220602E+01 2.104670349978786E+02 1 2.186760000000000E+01 
4.248280340863217E+01 1.727181372189536E+02 1 1.819960000000000E+01 
