# input file for alanine 2D (d4-d13)

# optimization
userfn       userfn_2D.py
bounds       -50 310; -50 310
num_tasks    2
kernel       stdp
initpts      2 30
iterpts      50
verbosity    2
kappa_fixto  0 0
W_rank       2
W_prior      gaussian
W_priorparam 7.606 4.226


RESULTS:
8.879616495615636E+01 2.789743617494375E+02 0 -2.029908883743217E+05 
3.312756751616586E+01 2.933168187201891E+02 0 -2.029899831479284E+05 
2.838725481677283E+02 -1.839291240705798E+00 1 1.862600000000000E+01 
2.650417215105522E+00 -5.000000000000000E+01 1 3.326960000000000E+01 
2.857453356540200E+02 -1.161349325982581E+01 1 1.852050000000000E+01 
4.681919345025268E+01 1.893178768271864E+02 1 1.810480000000000E+01 
2.180321805190983E+01 1.924837237275272E+01 1 3.003310000000000E+01 
-2.664405358990561E+01 2.077038868200760E+02 1 2.271200000000000E+01 
-4.639136530900508E+01 1.775869411052382E+02 1 2.048390000000000E+01 
8.413884580170728E+01 1.247714925550471E+01 1 2.994540000000000E+01 
-4.183975277721854E+01 3.834584940157418E+01 1 3.307480000000000E+01 
2.666641781631707E+01 1.149195362625052E+02 1 3.014350000000000E+01 
2.214514047346547E+02 -5.000000000000000E+01 1 3.171410000000000E+01 
2.751295944186955E+02 5.741614554725416E+01 1 3.339420000000000E+01 
5.940793877118275E+01 1.805067537622947E+02 1 1.748230000000000E+01 
1.315139112711730E-01 3.638772524279515E+01 1 3.470790000000000E+01 
2.425783906958020E+02 5.347334168520495E+01 1 3.259040000000000E+01 
5.712560814840388E+01 2.529304542911800E+01 1 2.697510000000000E+01 
1.315793217588779E+02 -3.017677754153918E+01 1 3.529300000000000E+01 
9.998025403316160E+01 5.206467812217219E+01 1 3.428420000000000E+01 
2.170166686537040E+02 -5.979406099564285E+00 1 1.986400000000000E+01 
1.407911395389831E+02 1.601804022556390E+02 1 2.181050000000000E+01 
2.388782833350248E+02 -4.124227482781557E+00 1 2.018710000000000E+01 
-2.419159259878077E+01 1.643886247678449E+02 1 2.170300000000000E+01 
1.996759659908734E+02 2.382954014062938E+02 1 3.285370000000000E+01 
2.559179745998589E+02 9.215160352557461E+01 1 3.822980000000000E+01 
7.177586526942986E+01 6.036435981003504E+01 1 3.284640000000000E+01 
1.344519974407924E+02 1.290285783892266E+02 1 2.763350000000000E+01 
3.941848341194343E+01 5.377442244812926E+01 1 3.115810000000000E+01 
1.481995966134861E+01 7.895541263782619E+01 1 3.501860000000000E+01 
6.924673540692633E+01 1.651874069449061E+02 1 1.850360000000000E+01 
1.742284518344812E+02 1.135039402232280E+02 1 2.995420000000000E+01 
