# input file for alanine 2D (d4-d13)

# optimization
userfn       userfn_2D.py
bounds       -50 310; -50 310
num_tasks    2
kernel       stdp
initpts      2 30
iterpts      50
verbosity    2
kappa_fixto  0 0
W_rank       2
W_prior      gaussian
W_priorparam 7.606 4.226


RESULTS:
2.551212730070775E+02 2.776184933209705E+02 0 -2.029900545284342E+05 
3.038453778431829E+02 1.827799090485841E+02 0 -2.030085243180952E+05 
1.553705657872264E+02 2.087990281952626E+02 1 2.400630000000000E+01 
2.465307353806556E+02 9.566881367727427E+01 1 3.842090000000000E+01 
1.388554902200163E+02 1.360202265724161E+02 1 2.607790000000000E+01 
6.016625498600524E+01 1.757892563439943E+02 1 1.755640000000000E+01 
5.491247367900208E+01 1.799066919046310E+02 1 1.752430000000000E+01 
8.767811611659980E+00 1.927170264869518E+02 1 2.071760000000000E+01 
1.627786736023328E+02 7.601794444315819E+00 1 2.195930000000000E+01 
7.072223205442705E+00 9.314786251409544E+01 1 3.500410000000000E+01 
2.374003114558368E+02 6.027393368465731E+01 1 3.412760000000000E+01 
6.048383895911474E+01 1.806638253431927E+02 1 1.748340000000000E+01 
1.481451538746807E+02 -3.735636627171160E+01 1 3.421260000000000E+01 
1.259370874129188E+02 -7.606324255586028E+00 1 3.473440000000000E+01 
2.768961544424035E+00 -3.486712293358195E+01 1 3.297150000000000E+01 
4.549481967908758E+01 2.498218499638491E+02 1 2.977750000000000E+01 
9.967346588242795E+01 7.338361626000076E+01 1 3.467650000000000E+01 
9.623548512096669E+01 3.100000000000000E+02 1 3.220170000000000E+01 
1.779879891737596E+02 1.828806247251276E+02 1 2.128310000000000E+01 
1.168754369974947E+01 2.843872298147934E+02 1 3.460770000000000E+01 
3.023366203048759E+02 2.815461866205841E+02 1 3.068270000000000E+01 
-5.000000000000000E+01 3.316706571102281E+01 1 3.038310000000000E+01 
1.335354415065699E+01 5.607522664348294E+01 1 3.407780000000000E+01 
1.959580342655031E+02 -1.042857171404769E+01 1 2.024130000000000E+01 
1.910593921534258E+02 7.198763510540400E+01 1 3.101460000000000E+01 
2.550825663977674E+02 3.703386295483347E+01 1 2.779500000000000E+01 
2.119496150875286E+02 4.946401068931726E+00 1 1.896590000000000E+01 
-5.374254243611793E+00 2.478285162478131E+02 1 3.114650000000000E+01 
2.812900386906636E+02 1.404165691927538E+02 1 2.839960000000000E+01 
2.876361640164967E+02 1.737266254304898E+02 1 2.239140000000000E+01 
8.907018450961077E+01 1.073828342363853E+02 1 3.130090000000000E+01 
-3.391051748216390E+01 1.787992509410283E+02 1 2.041140000000000E+01 
