# input file for alanine 2D (d4-d13)

# optimization
userfn       userfn_2D.py
bounds       -50 310; -50 310
num_tasks    2
kernel       stdp
initpts      2 30
iterpts      50
verbosity    2



RESULTS:
1.877940409377986E+02 4.409613612665733E+01 0 -2.030023633613521E+05 
1.457216498262972E+02 1.748910252507635E+01 0 -2.029980533317336E+05 
-4.183975277721854E+01 3.834584940157418E+01 1 3.307480000000000E+01 
9.648940748618739E+01 3.089479171388506E+02 1 3.234620000000000E+01 
5.481751345183810E+01 1.801684510011190E+02 1 1.752570000000000E+01 
8.727005534967970E+00 1.842961935407868E+02 1 2.022220000000000E+01 
2.180321805190983E+01 1.924837237275272E+01 1 3.003310000000000E+01 
2.583717704158306E+02 3.088843570241590E+02 1 2.993420000000000E+01 
2.865241232655322E+02 1.171902755252537E+02 1 3.295870000000000E+01 
1.560947257391938E+02 1.036527277705783E+01 1 2.347770000000000E+01 
-3.546290073833563E+01 1.123918807448956E+02 1 3.289660000000000E+01 
2.189867774867942E+02 2.191177658259646E+02 1 3.082080000000000E+01 
2.773381610625618E+02 -8.408217028840284E+00 1 1.854590000000000E+01 
7.987150781993851E+01 1.963205021313805E+02 1 1.914760000000000E+01 
1.344519974407924E+02 1.290285783892266E+02 1 2.763350000000000E+01 
2.388782833350248E+02 -4.124227482781557E+00 1 2.018710000000000E+01 
-9.143093357332647E+00 1.426485136838135E+02 1 2.584360000000000E+01 
-3.318469993651097E+01 -4.991775664850836E+01 1 2.763540000000000E+01 
-1.398298146463747E+01 2.734855125548984E+02 1 3.318930000000000E+01 
6.655846169187983E+01 2.792070191722425E+02 1 3.220160000000000E+01 
1.315139112711730E-01 3.638772524279515E+01 1 3.470790000000000E+01 
1.331923692959494E+02 5.458908806209689E+01 1 3.096470000000000E+01 
2.569165601991876E+01 2.685868301997235E+02 1 3.354660000000000E+01 
3.941848341194343E+01 5.377442244812926E+01 1 3.115810000000000E+01 
2.110672428850432E+02 6.134014591145878E+01 1 3.148330000000000E+01 
7.177586526942986E+01 6.036435981003504E+01 1 3.284640000000000E+01 
1.818129620628260E+02 1.573229450214709E+02 1 2.292410000000000E+01 
2.838725481677283E+02 -1.839291240705798E+00 1 1.862600000000000E+01 
2.021768027274062E+02 1.941773619580549E+02 1 2.466500000000000E+01 
1.931598759184227E+02 9.052093220620610E+01 1 3.300380000000000E+01 
8.214285226820954E+01 1.783909059671464E+02 1 1.829610000000000E+01 
1.289775433238198E+02 1.915735521898037E+02 1 2.138020000000000E+01 
