# input file for alanine 2D (d4-d13)

# optimization
userfn       userfn_2D.py
bounds       -50 310; -50 310
num_tasks    2
kernel       stdp
initpts      2 30
iterpts      50
verbosity    2
kappa_prior  gamma
kappa_priorparam 2 0.014


RESULTS:
8.165762707334565E+01 1.372318258333936E+02 0 -2.030010427528934E+05 
-1.392657920054856E+00 -1.618070233637339E+01 0 -2.029906679478748E+05 
2.456845935338050E+02 1.401222066239690E+02 1 3.177870000000000E+01 
5.789692107449311E+01 1.901297460598368E+02 1 1.787630000000000E+01 
2.636906309623196E+02 1.019163881215582E+02 1 3.725480000000000E+01 
8.190713047580526E+01 2.395806895119643E+02 1 2.806070000000000E+01 
2.223561247067238E+02 8.916645992016608E+01 1 3.697560000000000E+01 
1.617307273776150E+02 5.743802074317927E+01 1 2.769890000000000E+01 
3.100000000000000E+02 3.308025536044001E+01 1 3.036260000000000E+01 
-4.266921408729672E+01 2.673994925141402E+02 1 3.125570000000000E+01 
-8.023347818014168E+00 1.776539829321752E+01 1 3.541010000000000E+01 
8.109148492877362E+01 2.767716624074937E+02 1 3.274210000000000E+01 
1.995640293651892E+02 2.234534464839022E+02 1 2.965040000000000E+01 
3.100000000000000E+02 1.940298865939160E+02 1 2.096090000000000E+01 
2.204954380196377E+02 1.204964600984660E+02 1 3.434090000000000E+01 
2.651103323161947E+02 2.184919994801241E+02 1 2.929930000000000E+01 
5.589417928441564E+01 1.815717516466604E+02 1 1.751690000000000E+01 
3.100000000000000E+02 1.516020609918721E+02 1 2.387370000000000E+01 
4.099514221136268E+01 1.027362496552000E+02 1 3.123360000000000E+01 
7.706243126662100E+01 1.379834887413072E+02 1 2.389350000000000E+01 
1.595150207241464E+02 2.447114648403948E+02 1 3.226750000000000E+01 
2.102368140328196E+02 1.557025874044483E+02 1 2.664140000000000E+01 
6.225102254615367E+01 1.782716418866564E+02 1 1.750640000000000E+01 
1.927951993282207E+02 8.524886811488327E+01 1 3.272700000000000E+01 
1.390421989606079E+02 2.681055783324206E+02 1 3.622630000000000E+01 
6.231489274405403E+01 1.815854950692164E+02 1 1.750110000000000E+01 
4.246572198472247E+01 1.750341860654735E+02 1 1.808820000000000E+01 
2.236713271286243E+02 2.385595273668615E+02 1 3.512180000000000E+01 
2.253040650584968E+02 1.992262825389035E+02 1 2.780000000000000E+01 
2.030255265313860E+02 3.380210146815634E+01 1 2.286310000000000E+01 
2.264091444164439E+01 1.278854964221838E+02 1 2.762680000000000E+01 
1.460558692429710E+02 -3.001430843407787E+01 1 3.365790000000000E+01 
