# input file for alanine 2D (d4-d13)

# optimization
userfn       userfn_2D.py
bounds       -50 310; -50 310
num_tasks    2
kernel       stdp
initpts      2 30
iterpts      50
verbosity    2
kappa_prior  gamma
kappa_priorparam 1 71.428
W_prior      gaussian
W_priorparam 0 8.451
thetaprior gamma
thetapriorparam 2 0.019; 3.3678 9.0204; 3.3678 9.0204

RESULTS:
-3.427427079223001E+01 2.996439906537803E+02 0 -2.029951586596672E+05 
-2.946058668561068E+01 2.548227466360109E+02 0 -2.029924620940668E+05 
5.923422495580991E+01 1.788882059338692E+02 1 1.748830000000000E+01 
9.535195289752163E+01 9.362325058290719E+01 1 3.352860000000000E+01 
3.040363334332150E+02 1.923562253008032E+02 1 2.108820000000000E+01 
4.866250107331041E+01 2.562965489628835E+02 1 3.071190000000000E+01 
-1.821589081786139E+01 2.469247646877106E+02 1 3.049290000000000E+01 
1.013008340476364E+02 1.230840850332828E+02 1 2.871920000000000E+01 
2.386517866333347E+02 1.849273380875971E+02 1 2.704320000000000E+01 
1.811612416385816E+02 2.020143606572878E+02 1 2.351650000000000E+01 
6.433500954892426E+01 -2.643006932436930E+01 1 2.653880000000000E+01 
-3.471437206533042E+01 1.130732867542828E+02 1 3.276710000000000E+01 
1.735279288454316E+02 1.426764225651730E+02 1 2.474960000000000E+01 
2.019217968279034E+02 1.699038301915387E+02 1 2.400610000000000E+01 
8.059207340430943E+01 2.653046015908979E+02 1 3.208510000000000E+01 
1.924242382688112E+02 2.624641111808949E+02 1 3.576490000000000E+01 
1.108046963646104E+02 2.524343221786062E+02 1 3.293980000000000E+01 
3.811147393146267E+01 1.751177459470752E+02 1 1.834370000000000E+01 
1.899785080563634E+02 1.212068544797526E+02 1 3.011620000000000E+01 
1.683941531299871E+02 3.064343069377829E+02 1 3.370360000000000E+01 
2.334095496349594E+02 2.303397091965310E+02 1 3.390170000000000E+01 
1.394449909031842E+01 1.281390604960042E+02 1 2.823450000000000E+01 
1.439921024671239E+02 2.112432566586164E+02 1 2.460260000000000E+01 
2.735196349132310E+02 1.276676157257768E+02 1 3.210710000000000E+01 
4.998625324208456E+01 7.136100824429964E+01 1 3.246930000000000E+01 
2.596980385220275E+02 1.594453076791266E+02 1 2.732770000000000E+01 
3.819580832565452E+00 -3.301803842335469E+01 1 3.311810000000000E+01 
7.600216499504978E+01 1.860414498597209E+02 1 1.806240000000000E+01 
1.352392761949717E+02 2.853569393984938E+02 1 3.707520000000000E+01 
5.690302550476195E+01 9.887075090445246E+01 1 3.132680000000000E+01 
2.149293345295793E+02 1.018373237961061E+02 1 3.584770000000000E+01 
2.618107489005428E+01 8.962234302422627E+01 1 3.363070000000000E+01 
