# input file for alanine 2D (d4-d13)

# optimization
userfn       userfn_2D.py
bounds       -50 310; -50 310
num_tasks    2
kernel       stdp
initpts      2 30
iterpts      50
verbosity    2
kappa_prior  gamma
kappa_priorparam 2 0.014


RESULTS:
-3.568237242591091E+01 4.224042425519531E+01 0 -2.029916801235990E+05 
2.751536410545652E+02 2.192465489243480E+02 0 -2.030004150963985E+05 
3.527499891593654E+01 2.451995636740749E+02 1 2.948030000000000E+01 
5.842700649841421E+01 1.804041243106341E+02 1 1.748520000000000E+01 
1.956146371067288E+02 2.700867825149462E+02 1 3.634580000000000E+01 
3.513053037657939E+00 -2.148101372934257E+01 1 3.360870000000000E+01 
2.098388445006096E+02 4.784432140970143E+01 1 2.769610000000000E+01 
1.871632917680068E+02 -5.000000000000000E+01 1 3.151050000000000E+01 
1.397980471037044E+02 1.423475282669510E+01 1 2.820200000000000E+01 
-3.581707212137231E+01 2.099032121448610E+02 1 2.289830000000000E+01 
7.643658534423039E+01 3.419250258625958E+01 1 3.101950000000000E+01 
6.469127407539936E+01 1.852448512095972E+02 1 1.762570000000000E+01 
4.082124710276335E+01 -7.433623008328212E-01 1 2.639670000000000E+01 
1.570811620485387E+02 1.922020868536578E+02 1 2.134580000000000E+01 
8.437131076532074E+01 2.177011435200982E+02 1 2.326460000000000E+01 
2.218357763432955E+02 2.808334572972367E+02 1 3.755540000000000E+01 
5.870646521132165E+01 6.988000957782010E+01 1 3.253630000000000E+01 
1.268834069739327E+02 -2.620774999330444E+01 1 3.521480000000000E+01 
3.488598499221446E+01 1.962883085336485E+02 1 1.945710000000000E+01 
2.494583715894764E+02 1.343374527377835E+01 1 2.129380000000000E+01 
7.590145082795541E+01 2.535068046829810E+02 1 3.033060000000000E+01 
2.284294060015965E+02 1.245155777244794E+02 1 3.441600000000000E+01 
2.910636168684762E+02 2.189648715809818E+02 1 2.590880000000000E+01 
2.917387563676889E+02 -1.707577416064792E+01 1 1.899000000000000E+01 
2.977858808280365E+02 3.082193371971534E+02 1 2.603470000000000E+01 
5.346085620261473E+01 -4.314669715483494E+01 1 2.972780000000000E+01 
1.161153762461188E+02 2.656417416828926E+02 1 3.516820000000000E+01 
-1.822916639989490E+01 3.344821243156442E+01 1 3.576170000000000E+01 
1.602061018718389E+01 3.267805276943778E+01 1 3.170250000000000E+01 
2.311687890633063E+02 8.041819076830168E+01 1 3.726360000000000E+01 
2.313715005652739E+02 2.283409881766376E+02 1 3.346050000000000E+01 
2.311283250953151E+01 1.559190835883686E+02 1 2.150540000000000E+01 
