# input file for alanine 2D (d4-d13)

# optimization
userfn       userfn_2D.py
bounds       -50 310; -50 310
num_tasks    2
kernel       stdp
initpts      2 30
iterpts      50
verbosity    2
W_prior      gaussian
W_priorparam 10.757 4.226


RESULTS:
3.267356702723325E+00 2.325313611287204E+02 0 -2.029970940638470E+05 
1.308785573064376E+02 2.176000113074143E+01 0 -2.029937920711951E+05 
3.100000000000000E+02 2.611151639228758E+01 1 2.861550000000000E+01 
4.162747798598108E+01 2.966761872338008E+01 1 2.760470000000000E+01 
3.002884254313221E+02 -5.000000000000000E+01 1 2.558090000000000E+01 
1.644088050584112E+02 1.978660795747394E+02 1 2.212680000000000E+01 
1.398836107038717E+02 8.647437170422381E+01 1 3.254920000000000E+01 
2.362343391787839E+02 6.429624009489771E+01 1 3.499530000000000E+01 
6.230041074946610E+00 1.224552500260191E+02 1 3.006910000000000E+01 
2.464132414162570E+02 1.421212452536395E+02 1 3.135160000000000E+01 
2.001466776752657E+02 5.641610682800868E+01 1 2.877610000000000E+01 
1.807453231672429E+02 3.058138477955972E+02 1 3.274910000000000E+01 
1.485329969684782E+02 -2.173803958679677E+01 1 3.187330000000000E+01 
8.990522006291351E+01 1.094356298995927E+01 1 3.125340000000000E+01 
2.802146241698185E+02 2.740615221917437E+02 1 3.327400000000000E+01 
2.524104827342886E+02 2.004390040880432E+02 1 2.774150000000000E+01 
7.834869178706947E+01 2.920351679383054E+02 1 3.215610000000000E+01 
5.985639770482140E+01 1.795029150666571E+02 1 1.748320000000000E+01 
1.975305200604487E+02 6.852937122109144E+00 1 1.831510000000000E+01 
2.183344820498116E+02 9.271424852210846E+01 1 3.655110000000000E+01 
2.981218787716898E+02 6.514211552628140E+01 1 3.494990000000000E+01 
1.475028756224859E+02 5.080588003750972E+01 1 2.816130000000000E+01 
-7.808683439130826E+00 1.470592739108153E+02 1 2.482590000000000E+01 
2.431417965240016E+02 5.654759057913252E+00 1 2.027280000000000E+01 
1.521787733476594E+02 2.922794157494639E+02 1 3.650080000000000E+01 
7.622341799918075E+01 2.623428803584661E+02 1 3.153330000000000E+01 
1.027093313847989E+02 1.756698692532779E+02 1 1.977720000000000E+01 
-1.642601364288725E+01 2.918690258922488E+02 1 3.228210000000000E+01 
-2.255388926783187E+01 5.195868984465002E+01 1 3.661160000000000E+01 
7.771748789757106E+01 9.442417511151184E+01 1 3.255690000000000E+01 
-4.095290028124982E+01 1.826255515706072E+02 1 2.033110000000000E+01 
-5.000000000000000E+01 1.857131742384609E+02 1 2.051750000000000E+01 
