# input file for alanine 2D (d4-d13)

# optimization
userfn       userfn_2D.py
bounds       -50 310; -50 310
num_tasks    2
kernel       stdp
initpts      2 30
iterpts      50
verbosity    2
W_prior      gaussian
W_priorparam 10.757 4.226

thetaprior gamma
thetapriorparam 2 0.019; 3.3678 9.0204; 3.3678 9.0204
RESULTS:
1.675749983436213E+02 1.676922351942314E+02 0 -2.030071669477966E+05 
3.893689875644873E+01 2.266210583039214E+02 0 -2.029995897263740E+05 
4.254991619818514E+01 1.189472245169366E+02 1 2.821390000000000E+01 
3.198123938496391E+01 7.138870982488847E+01 1 3.325260000000000E+01 
1.395644340712170E+02 1.630071071520838E+02 1 2.150270000000000E+01 
-2.563163842952934E+01 -2.365035207177232E+01 1 2.678510000000000E+01 
2.808018826574673E+02 1.726481758903630E+02 1 2.328210000000000E+01 
-2.610448155497343E+01 1.459122615296448E+02 1 2.508970000000000E+01 
9.363617834176667E+01 4.803946868597133E+01 1 3.403830000000000E+01 
9.126789479923477E+01 2.318546476763341E+02 1 2.704870000000000E+01 
-1.626114195006312E+01 2.528404411490723E+02 1 3.146580000000000E+01 
8.262902837511373E+00 3.098420530942889E+02 1 3.371930000000000E+01 
1.163862766642037E+02 1.414300961451932E+02 1 2.509640000000000E+01 
2.956827178593082E+02 2.728656289205740E+02 1 3.166540000000000E+01 
4.973089035443171E+00 2.290164853750858E+02 1 2.737470000000000E+01 
2.440701782626842E+02 2.278509704763661E+02 1 3.321410000000000E+01 
1.764458712011260E+02 -4.539160185322943E+00 1 2.086350000000000E+01 
1.575633754415356E+02 2.825536883964160E+02 1 3.643250000000000E+01 
1.111642580965311E+02 7.068940236166395E+01 1 3.441920000000000E+01 
-5.963990489001239E+00 2.151237695431258E+01 1 3.534700000000000E+01 
6.177409862415608E+01 1.798422174938249E+02 1 1.748900000000000E+01 
1.357842033035359E+02 2.994975409244552E+02 1 3.677600000000000E+01 
-5.611660747330881E-01 1.258266666888560E+02 1 2.963630000000000E+01 
2.030430637648804E+02 7.233807475550532E+01 1 3.258140000000000E+01 
3.021762541934370E+01 -4.665893567216949E+00 1 2.926620000000000E+01 
2.385351761839293E+02 2.717087727422722E+02 1 3.820190000000000E+01 
7.658398461527676E+01 -1.786681845987301E+01 1 2.631650000000000E+01 
-4.633125700154833E+01 2.333120604902934E+02 1 2.730120000000000E+01 
2.079822799885934E+02 5.262490197421422E+00 1 1.873550000000000E+01 
-5.507010275005793E+00 5.586242767597381E+01 1 3.622640000000000E+01 
2.604586289673304E+02 2.968703864970352E+02 1 3.274910000000000E+01 
2.718688317956648E+02 2.531200548816381E+02 1 3.404110000000000E+01 
