# input file for alanine 2D (d4-d13)

# optimization
userfn       userfn_2D.py
bounds       -50 310; -50 310
num_tasks    2
kernel       stdp
initpts      2 30
iterpts      50
verbosity    2



RESULTS:
-5.000000000000000E+01 1.497182804012488E+02 0 -2.030041458874521E+05 
2.971822623339513E+02 1.241491445070949E+02 0 -2.029960771227747E+05 
1.348350014774494E+01 6.067754939732789E+01 1 3.443120000000000E+01 
2.472397766627217E+02 1.142055513451913E+02 1 3.667550000000000E+01 
7.038508063570383E+01 5.397699830164958E+01 1 3.224680000000000E+01 
2.630238061622082E+02 5.183619042286603E+01 1 3.222810000000000E+01 
2.120352743328889E+02 1.261155500224713E+01 1 1.942460000000000E+01 
1.102064945205772E+02 5.981397618041346E+01 1 3.413210000000000E+01 
2.581811102700988E+02 3.084064425409337E+02 1 3.009270000000000E+01 
1.108046963646104E+02 2.524343221786062E+02 1 3.293980000000000E+01 
-3.083824177921333E+01 1.666496350258881E+02 1 2.133760000000000E+01 
-3.368504703086062E+01 2.958062661049103E+02 1 2.980500000000000E+01 
2.453754485926888E+02 1.781801181567865E+01 1 2.219040000000000E+01 
-3.471437206533042E+01 1.130732867542828E+02 1 3.276710000000000E+01 
2.695232065877370E+02 1.867877004042351E+02 1 2.458320000000000E+01 
5.886992193254052E+01 1.801132773411848E+02 1 1.748310000000000E+01 
6.099302503812792E+01 1.810488460011108E+02 1 1.748730000000000E+01 
9.993556151106473E+01 3.021235049498521E+02 1 3.346580000000000E+01 
1.857323585826049E+02 9.321555158960901E+01 1 3.222880000000000E+01 
2.019217968279034E+02 1.699038301915387E+02 1 2.400610000000000E+01 
2.450041793364475E+02 -9.745785589740430E+00 1 2.054990000000000E+01 
-1.653827793228138E-01 2.086347249296834E+02 1 2.318220000000000E+01 
2.705904831507142E+02 2.203053354781061E+02 1 2.887760000000000E+01 
2.618107489005428E+01 8.962234302422627E+01 1 3.363070000000000E+01 
-1.279052215019038E+00 2.983993614197003E+02 1 3.352150000000000E+01 
1.352392761949717E+02 2.853569393984938E+02 1 3.707520000000000E+01 
1.930850363980201E+02 6.428306829985850E+00 1 1.828540000000000E+01 
1.239993523468071E+01 2.095558292020574E+01 1 3.226450000000000E+01 
4.244270433958958E+01 3.609119570052599E+01 1 2.847890000000000E+01 
8.059207340430943E+01 2.653046015908979E+02 1 3.208510000000000E+01 
5.690302550476195E+01 9.887075090445246E+01 1 3.132680000000000E+01 
5.923422495580991E+01 1.788882059338692E+02 1 1.748830000000000E+01 
