# input file for alanine 2D (d4-d13)

# optimization
userfn       userfn_2D.py
bounds       -50 310; -50 310
num_tasks    2
kernel       stdp
initpts      2 30
iterpts      50
verbosity    2
kappa_prior  gamma
kappa_priorparam 1 71.428
W_prior      gaussian
W_priorparam 0 8.451
thetaprior gamma
thetapriorparam 2 0.019; 3.3678 9.0204; 3.3678 9.0204

RESULTS:
3.634214820086449E+00 -2.193366496713779E+01 0 -2.029908114720901E+05 
2.428030163777998E+02 8.162105525488469E+00 0 -2.030116614142657E+05 
-4.867379079176875E+01 2.551062572970260E+02 1 3.053500000000000E+01 
1.841058925919419E+02 1.340220737223559E+02 1 2.716830000000000E+01 
4.876924411145874E+01 1.737763337132499E+02 1 1.785090000000000E+01 
2.245576747599478E+02 -2.891774305649518E+01 1 2.527580000000000E+01 
-5.296593127622752E+00 3.265186492531032E+01 1 3.532080000000000E+01 
2.274022440031548E+01 -3.438406867002013E+01 1 3.306730000000000E+01 
2.846168265739982E+02 4.109217565701550E+01 1 2.926290000000000E+01 
-5.000000000000000E+01 1.806616926566671E+02 1 2.049380000000000E+01 
3.581311940144698E+01 2.778252678026113E+02 1 3.351280000000000E+01 
2.579981855916262E+02 4.751344525723633E+01 1 3.105270000000000E+01 
2.662631414711245E+02 -1.661641265662903E+01 1 2.003540000000000E+01 
2.829357609716964E+02 -3.267933452480520E+00 1 1.852270000000000E+01 
2.192845198006245E+02 2.904588613602106E+02 1 3.619150000000000E+01 
1.182102623894192E+02 2.677448896400086E+02 1 3.551910000000000E+01 
1.424414810261003E+02 1.868393324697645E+02 1 2.097030000000000E+01 
7.470420929523938E+01 9.051817233433573E+01 1 3.278280000000000E+01 
-2.280252358348821E+01 5.991019460309233E+01 1 3.697960000000000E+01 
1.820086608391110E+02 2.170306999394642E+02 1 2.654560000000000E+01 
1.718306464591008E+02 9.291728467158056E+01 1 3.138170000000000E+01 
8.297440499365359E+01 1.605731485502531E+02 1 1.978050000000000E+01 
2.632785555476207E+02 1.947534504053304E+02 1 2.593320000000000E+01 
4.554190878419322E+01 7.887892211483869E+01 1 3.272340000000000E+01 
2.091169171652251E+02 1.585031716997296E+02 1 2.610050000000000E+01 
1.900995527703734E+02 5.637846969016169E+00 1 1.835810000000000E+01 
-2.737410922140077E+01 -4.534316115689160E+01 1 2.791810000000000E+01 
2.525918613492783E+02 2.268373104704419E+02 1 3.239770000000000E+01 
1.928908488214068E+02 8.075949265694650E+00 1 1.827350000000000E+01 
9.137853851698581E+01 1.162110260102985E+02 1 2.971850000000000E+01 
3.058025202460316E+02 -1.945506560251492E+01 1 2.027860000000000E+01 
1.226576904593561E+02 2.177322476358557E+02 1 2.584920000000000E+01 
