# input file for alanine 2D (d4-d13)

# optimization
userfn       userfn_2D.py
bounds       -50 310; -50 310
num_tasks    2
kernel       stdp
initpts      2 30
iterpts      50
verbosity    2



RESULTS:
8.535368268473243E+01 1.489833410221424E+02 0 -2.030044910559906E+05 
-3.041227316655106E+00 2.924111338728201E+02 0 -2.029904314806114E+05 
5.275047303549662E+01 1.648845390423897E+00 1 2.476930000000000E+01 
2.723194424789932E+02 1.495759747055391E+00 1 1.898700000000000E+01 
1.314164093190436E+02 1.166768841456094E+02 1 3.012430000000000E+01 
8.672535139901132E+01 2.197208356901188E+02 1 2.388870000000000E+01 
6.414299234335061E+01 1.784026244652173E+02 1 1.752760000000000E+01 
2.417374695702670E+02 -2.157865518047208E+00 1 2.007220000000000E+01 
2.386788319540690E+02 2.151259737971345E+02 1 3.085310000000000E+01 
3.892121741385228E+01 2.787333195692153E+02 1 3.332800000000000E+01 
-4.924429505942019E+01 5.492343517837943E+01 1 3.457180000000000E+01 
1.920377155869614E+02 3.051122031073861E+02 1 3.249260000000000E+01 
1.388442422781958E+02 3.086548843456546E+01 1 2.778430000000000E+01 
1.790783589006812E+02 9.227872408498509E+01 1 3.170390000000000E+01 
2.981382722740684E+02 1.329905763744014E+01 1 2.262740000000000E+01 
1.600149411625218E+02 2.084213708876082E+02 1 2.392980000000000E+01 
1.698559363746203E+02 2.421197084193676E+02 1 3.173990000000000E+01 
1.461252244464036E+02 1.449738696761232E+02 1 2.413890000000000E+01 
5.495482212639944E+01 5.576708098017966E+01 1 3.130110000000000E+01 
-2.002358423113995E+01 1.871812143223514E+01 1 3.451840000000000E+01 
2.735179952407690E+02 2.635433874995306E+02 1 3.441320000000000E+01 
2.866879196170779E+02 2.308800921835443E+02 1 2.867650000000000E+01 
2.052907753863668E+02 1.584676414054486E+02 1 2.558350000000000E+01 
2.093784855725914E+02 -2.013935013602494E+00 1 1.911550000000000E+01 
2.880809539024807E+02 1.925708080448199E+02 1 2.247460000000000E+01 
3.100000000000000E+02 1.766668261260085E+02 1 2.061110000000000E+01 
1.017901520701140E+02 1.958991468450488E+01 1 3.408490000000000E+01 
5.929567941288659E+01 1.798171075875067E+02 1 1.748250000000000E+01 
1.544384160160219E+02 3.100000000000000E+02 1 3.486820000000000E+01 
7.837337833458993E+01 1.886279597075756E+02 1 1.833720000000000E+01 
4.491602130981591E+01 1.983972270137713E+02 1 1.913460000000000E+01 
-2.599995511715715E+01 1.498819979413560E+02 1 2.422050000000000E+01 
