# input file for alanine 2D (d4-d13)

# optimization
userfn       userfn_2D.py
bounds       -50 310; -50 310
num_tasks    2
kernel       stdp
initpts      2 30
iterpts      50
verbosity    2
kappa_prior  gamma
kappa_priorparam 2 0.014


RESULTS:
1.841027992701934E+02 1.209572426265625E+02 0 -2.029951493167337E+05 
3.019203560665864E+02 3.095921746310190E+02 0 -2.029998333848412E+05 
5.327817974036780E+01 2.383460275615782E+01 1 2.655880000000000E+01 
1.100524956602173E+02 1.800898688382389E+02 1 2.015310000000000E+01 
1.740476503428626E+02 2.864761229007437E+02 1 3.555950000000000E+01 
3.700429695139697E+01 1.807705894033385E+02 1 1.831900000000000E+01 
1.381941305757889E+02 1.547692432899055E+02 1 2.260050000000000E+01 
1.405234585125900E+02 -9.558018835957057E+00 1 3.195970000000000E+01 
1.627111617368600E+01 2.009324007823771E+02 1 2.131530000000000E+01 
1.920970648660485E+02 8.531184703149115E+00 1 1.827930000000000E+01 
1.392783379565355E+01 2.606816849727123E+02 1 3.313890000000000E+01 
2.921230016605465E+02 2.310842242848174E+02 1 2.810160000000000E+01 
5.814315488904807E+01 1.315823923095865E+02 1 2.489190000000000E+01 
5.997233064077095E+01 1.797788882102884E+02 1 1.748210000000000E+01 
-2.635111453167939E+01 1.088869988417420E+02 1 3.371470000000000E+01 
8.345713290337940E+00 -3.774394019205454E+01 1 3.344640000000000E+01 
1.294966606088838E+02 2.260740969659130E+02 1 2.802270000000000E+01 
3.100000000000000E+02 1.993053212399795E+02 1 2.148210000000000E+01 
1.844698377818459E+01 9.035563169198458E+00 1 3.127020000000000E+01 
2.522439377639005E+02 -4.668879674518096E+00 1 1.981820000000000E+01 
1.527561238803610E+02 1.813657581154349E+01 1 2.393460000000000E+01 
2.685934717604549E+02 2.038421242496793E+02 1 2.631750000000000E+01 
1.021663054571056E+02 2.652503654806462E+02 1 3.394260000000000E+01 
-4.245623637921859E+01 1.733300675472459E+01 1 2.834250000000000E+01 
-1.574154204340071E+00 1.691503307868470E+02 1 2.109960000000000E+01 
1.456859950467532E+02 2.586307099188263E+02 1 3.499530000000000E+01 
1.974818625993047E+02 1.202707647820593E+01 1 1.848350000000000E+01 
7.104362226753547E+01 1.759186352501133E+02 1 1.777330000000000E+01 
2.915091756147157E+02 4.994630374902291E+01 1 3.194320000000000E+01 
5.983166415195011E+01 2.370469726997866E+02 1 2.673750000000000E+01 
1.147557126569127E+02 -1.862361262993578E+01 1 3.429890000000000E+01 
1.930614251991375E+02 8.271960505469064E+00 1 1.827400000000000E+01 
