# input file for alanine 2D (d4-d13)

# optimization
userfn       userfn_2D.py
bounds       -50 310; -50 310
num_tasks    2
kernel       stdp
initpts      2 30
iterpts      50
verbosity    2



RESULTS:
3.002113795958892E+02 1.826291674747839E+02 0 -2.030085115495884E+05 
1.844631585602735E+02 1.811557271721934E+02 0 -2.030079226288167E+05 
1.585675111134140E+02 1.357746971560996E+02 1 2.573840000000000E+01 
5.962263351193967E+01 2.366105034414524E+02 1 2.664090000000000E+01 
1.629092661195026E+02 2.999430339599859E+02 1 3.510290000000000E+01 
2.405275514841218E+02 -3.032942783125152E+00 1 2.011700000000000E+01 
4.757887351732071E+01 5.477726952227520E+01 1 3.105990000000000E+01 
1.475985238444925E+02 8.766256068402004E+01 1 3.199660000000000E+01 
1.626403977320124E+01 7.339345096386134E+01 1 3.480830000000000E+01 
2.483157559794993E+02 1.673852176237152E+02 1 2.729050000000000E+01 
1.156764605831073E+02 2.670102390395285E+02 1 3.527300000000000E+01 
7.690366075158158E+01 -1.244246679933438E+01 1 2.617940000000000E+01 
5.591358769744662E+01 1.492626986703662E+02 1 2.092910000000000E+01 
2.133071716164087E+02 2.513596410995452E+02 1 3.637970000000000E+01 
2.825861490947361E+02 -5.378045338372747E+00 1 1.844060000000000E+01 
2.328555360833582E+02 2.940162126083048E+02 1 3.565860000000000E+01 
5.990110490906302E+01 1.797618481960445E+02 1 1.748220000000000E+01 
7.707658369857262E+01 2.800279160530182E+02 1 3.252680000000000E+01 
2.471226664544554E+01 -2.250458788412677E+01 1 3.222480000000000E+01 
4.899488118808668E+01 8.192247286362235E+00 1 2.511660000000000E+01 
2.134684719443365E+02 2.314460228338414E+01 1 2.131750000000000E+01 
8.878393104245662E+01 1.332013499308313E+02 1 2.570210000000000E+01 
1.133982212006445E+02 1.169829311433677E+02 1 3.032070000000000E+01 
2.633236610904191E+02 1.325525187178702E+02 1 3.215650000000000E+01 
3.192174054207539E+01 1.861072155388510E+02 1 1.880280000000000E+01 
6.107498637106429E+01 1.908198394362524E+02 1 1.792670000000000E+01 
2.686216538634575E+02 7.940279247701987E+01 1 3.707410000000000E+01 
1.948898725210857E+02 2.845857061220363E+02 1 3.579030000000000E+01 
1.625584335499834E+02 1.772080326067403E+02 1 2.057620000000000E+01 
5.575048675901130E+01 1.794842936426244E+02 1 1.751240000000000E+01 
-2.820144170479130E+01 1.058398276351472E+02 1 3.425330000000000E+01 
1.427480626266725E+02 -3.803560294379932E+01 1 3.499280000000000E+01 
