# input file for alanine 2D (d4-d13)

# optimization
userfn       userfn_2D.py
bounds       -50 310; -50 310
num_tasks    2
kernel       stdp
initpts      2 30
iterpts      50
verbosity    2



RESULTS:
1.974492784445754E+02 1.735558971294279E+02 0 -2.030074306457193E+05 
2.523141721329714E+02 2.448175056488675E+02 0 -2.029918950033681E+05 
2.514252167270072E+02 -1.368349420816520E+01 1 2.075340000000000E+01 
1.538727600788392E+02 2.577592798755501E+02 1 3.470840000000000E+01 
7.806907502484545E+01 1.794403506016070E+02 1 1.804020000000000E+01 
2.423461449867057E+02 3.332764481771189E+01 1 2.639710000000000E+01 
2.762676572200140E+02 -6.338763321597559E+00 1 1.854440000000000E+01 
1.796992862543015E+02 -6.209014474266795E+00 1 2.068730000000000E+01 
-2.469768388566001E+01 1.047097485026027E+02 1 3.448810000000000E+01 
1.320423120323556E+01 -4.245022167835307E+01 1 3.367960000000000E+01 
1.462248127495569E+02 9.684213771129963E+00 1 2.664780000000000E+01 
2.243074926135736E+02 1.363285493586237E+02 1 3.177730000000000E+01 
8.600329782617054E+00 2.330539141327404E+02 1 2.820170000000000E+01 
2.215778530737927E+02 2.729366961265546E+02 1 3.805350000000000E+01 
4.944281755088208E+01 1.474644036948941E+02 1 2.144880000000000E+01 
1.174187701586873E+02 2.380412149782230E+02 1 3.044390000000000E+01 
2.855655211073382E+02 2.209646299604316E+02 1 2.692780000000000E+01 
1.132898372403101E+02 1.129882134953513E+02 1 3.107700000000000E+01 
-2.076455013044228E+01 7.547669073664918E+01 1 3.721720000000000E+01 
2.814085100442990E+02 2.550815594733163E+02 1 3.284640000000000E+01 
5.484794913603034E+01 8.424574090283771E+01 1 3.251890000000000E+01 
2.506101090168108E+02 2.802219807824365E+02 1 3.675200000000000E+01 
3.019262035553415E+02 1.363961609588777E+02 1 2.759620000000000E+01 
2.750755546304471E+02 2.931538169638686E+02 1 3.149160000000000E+01 
-3.777482597089252E+01 2.132794364974873E+02 1 2.346500000000000E+01 
9.396785881315202E+01 7.573309977113277E+01 1 3.453730000000000E+01 
1.859717702109225E+02 1.692978380502354E+02 1 2.211790000000000E+01 
2.714729563049988E+02 2.094245460376468E+01 1 2.280030000000000E+01 
1.705021295872062E+02 1.925717618869182E+02 1 2.161460000000000E+01 
1.535141766716237E+01 1.853091090226296E+02 1 1.990110000000000E+01 
4.200902111745220E+01 -5.755609062852418E+00 1 2.657740000000000E+01 
2.291208118608026E+02 3.100000000000000E+02 1 3.172250000000000E+01 
