# input file for alanine 2D (d4-d13)

# optimization
userfn       userfn_2D.py
bounds       -50 310; -50 310
num_tasks    2
kernel       stdp
initpts      2 30
iterpts      50
verbosity    2
W_prior      gaussian
W_priorparam 10.757 4.226

thetaprior gamma
thetapriorparam 2 0.019; 3.3678 9.0204; 3.3678 9.0204
RESULTS:
4.055240991402081E+01 -5.000000000000000E+01 0 -2.029930132640739E+05 
1.712764896347250E+02 -4.649965296765509E+00 0 -2.030024587456146E+05 
4.036552862146695E+01 3.489426577923542E+01 1 2.841850000000000E+01 
-3.172527540751872E+01 2.495573750718218E+02 1 3.024100000000000E+01 
2.831592664407490E+02 1.431817070677643E+02 1 2.758170000000000E+01 
1.337372159640588E+02 2.192365055278918E+02 1 2.642820000000000E+01 
1.033135308908913E+02 9.558051421987480E+00 1 3.402300000000000E+01 
1.290906135023488E+02 2.547232238548453E+02 1 3.430190000000000E+01 
1.526398523543271E+02 -3.166980821313076E+01 1 3.259810000000000E+01 
1.652963398179066E+02 1.560287245056413E+02 1 2.223330000000000E+01 
3.004897246360693E+02 2.283269787673952E+02 1 2.686550000000000E+01 
1.701587970195070E+02 2.452330800712611E+02 1 3.238020000000000E+01 
5.614802127007186E+01 1.944961994641966E+02 1 1.829970000000000E+01 
-1.720750837654736E+01 1.819802604054620E+02 1 2.059640000000000E+01 
2.213464828233975E+02 -3.499514494038149E+01 1 2.713490000000000E+01 
1.568897809177913E+02 6.143706156658322E+01 1 2.881400000000000E+01 
2.214988552106420E+02 1.064530172046298E+02 1 3.632680000000000E+01 
2.093784666737746E+02 2.385033893799434E+02 1 3.390420000000000E+01 
1.924620450036388E+02 4.531772076250373E+01 1 2.499460000000000E+01 
6.748302564659380E+01 2.841413148242151E+02 1 3.216880000000000E+01 
2.454938466528771E+02 2.358405021419672E+02 1 3.466700000000000E+01 
1.083268252223742E+02 1.295755809119045E+02 1 2.752190000000000E+01 
4.765608502242690E+01 3.100000000000000E+02 1 3.117710000000000E+01 
1.507129016920102E+02 1.245672698453202E+02 1 2.803080000000000E+01 
1.972012283832736E+02 6.307235865059695E+00 1 1.831150000000000E+01 
8.405593981221179E+00 2.711135101917267E+02 1 3.416480000000000E+01 
2.670171180768323E+02 4.098492530134366E+01 1 2.897900000000000E+01 
5.209394351943616E+01 1.820173969693722E+02 1 1.760090000000000E+01 
5.661461254712626E+01 1.363225863617340E+00 1 2.463360000000000E+01 
1.871225446525002E+02 2.117882077566595E+02 1 2.583650000000000E+01 
1.317363099811584E+02 9.756648576618220E+01 1 3.265140000000000E+01 
2.072634650448589E+02 2.976306254481406E+02 1 3.437510000000000E+01 
