# input file for alanine 2D (d4-d13)

# optimization
userfn       userfn_2D.py
bounds       -50 310; -50 310
num_tasks    2
kernel       stdp
initpts      2 30
iterpts      50
verbosity    2
kappa_prior  gamma
kappa_priorparam 1 71.428
W_prior      gaussian
W_priorparam 0 8.451
thetaprior gamma
thetapriorparam 2 0.019; 3.3678 9.0204; 3.3678 9.0204

RESULTS:
1.309381225905928E+02 6.612805577898506E+01 0 -2.029918687403251E+05 
1.495704576406142E+01 9.314398521580586E+01 0 -2.029902481167199E+05 
2.443559520894907E+02 7.214710251539793E+00 1 2.041300000000000E+01 
-1.262221609148830E+01 2.426651321622309E+02 1 2.999840000000000E+01 
-3.841663305846962E+00 2.156759117048480E+02 1 2.456140000000000E+01 
3.080239409659743E+02 1.870736419601771E+02 1 2.062550000000000E+01 
2.055865913548765E+02 9.514379543763892E+00 1 1.872220000000000E+01 
2.232903857525199E+02 1.094948203950815E+02 1 3.621290000000000E+01 
3.100000000000000E+02 1.044484560889334E+02 1 3.421240000000000E+01 
7.869303210540187E+01 2.472165877262923E+02 1 2.939580000000000E+01 
1.956440534015387E+02 1.960348245858092E+02 1 2.407580000000000E+01 
1.164501320259021E+02 1.519047509872102E+02 1 2.303440000000000E+01 
1.771189841855870E+02 9.097884907273114E+00 1 1.919000000000000E+01 
3.700519611255564E+00 4.256407694807110E+01 1 3.443550000000000E+01 
3.045730280994054E+02 2.735308321972457E+02 1 3.117700000000000E+01 
1.944763727868010E+01 -2.615203263496482E+01 1 3.316680000000000E+01 
-5.000000000000000E+01 2.307055974048277E+02 1 2.687560000000000E+01 
2.335755129342426E+02 1.882905395612410E+02 1 2.713770000000000E+01 
2.902786947925686E+02 -6.425060292041060E+00 1 1.859950000000000E+01 
2.544644061697986E+02 2.672206974708922E+02 1 3.706460000000000E+01 
7.864508417578445E+01 2.910313583727372E+02 1 3.224040000000000E+01 
2.197123793984351E+02 1.485386586860240E+02 1 2.897940000000000E+01 
1.567237051359034E+02 3.100000000000000E+02 1 3.459000000000000E+01 
7.450938328382392E+01 8.642565356377709E+01 1 3.308510000000000E+01 
8.193707572471249E+01 1.357610034971604E+02 1 2.468460000000000E+01 
-3.280904271873762E+01 2.252215767742546E+01 1 3.224900000000000E+01 
1.947910328615876E+02 1.330867380053035E+02 1 2.856210000000000E+01 
-7.655925201030965E+00 1.298645318529146E+02 1 2.889860000000000E+01 
3.023169356287706E+02 4.463464859281476E+01 1 3.174610000000000E+01 
2.744116477543399E+02 2.859799658101342E+02 1 3.283570000000000E+01 
-1.428751997891109E+01 1.881659832461740E+02 1 2.077410000000000E+01 
4.979178246019372E+01 -5.000000000000000E+01 1 3.095250000000000E+01 
