# input file for alanine 2D (d4-d13)

# optimization
userfn       userfn_2D.py
bounds       -50 310; -50 310
num_tasks    2
kernel       stdp
initpts      2 30
iterpts      50
verbosity    2
W_prior      gaussian
W_priorparam 10.757 4.226

thetaprior gamma
thetapriorparam 2 0.019; 3.3678 9.0204; 3.3678 9.0204
RESULTS:
1.567851897986326E+02 1.051393304776589E+02 0 -2.029924052890125E+05 
1.812682155939995E+02 -2.128078835151002E+01 0 -2.030005170822412E+05 
7.193468160373086E+00 1.581390815293599E+02 1 2.217690000000000E+01 
-2.851036664658667E+01 1.155922639694364E+02 1 3.231570000000000E+01 
2.497307755880144E+02 2.891064082873752E+02 1 3.558290000000000E+01 
1.461252244464036E+02 1.449738696761232E+02 1 2.413890000000000E+01 
2.099649344670784E+02 1.087868873702680E+02 1 3.456770000000000E+01 
2.972232988047492E+02 2.944207661097886E+02 1 2.902780000000000E+01 
-4.924429505942019E+01 5.492343517837943E+01 1 3.457180000000000E+01 
2.093784855725914E+02 -2.013935013602494E+00 1 1.911550000000000E+01 
8.795046820884899E+01 4.808009291103277E+01 1 3.365780000000000E+01 
1.059860524699342E+02 7.150691422512261E+01 1 3.462120000000000E+01 
-6.433898185015503E+00 6.095950822244094E+01 1 3.652660000000000E+01 
4.585499057166677E+01 1.216702019575786E+02 1 2.746430000000000E+01 
-4.415785477337035E+01 2.106714372501023E+02 1 2.300460000000000E+01 
7.042265500711724E+01 2.248498058691010E+01 1 2.827910000000000E+01 
1.973681630523544E+02 2.229356621684026E+02 1 2.929200000000000E+01 
9.264473021833737E+01 2.690974693042183E+02 1 3.335940000000000E+01 
1.017901520701140E+02 1.958991468450488E+01 1 3.408490000000000E+01 
2.295928530824630E+02 7.659157608568553E+01 1 3.667430000000000E+01 
-2.799112466235196E+01 8.135335579604643E+01 1 3.696510000000000E+01 
2.223719052309305E+02 3.080315989575853E+02 1 3.227850000000000E+01 
1.206923095983856E+02 -1.892628597648371E+01 1 3.495330000000000E+01 
1.092512012401371E+02 1.375814632710723E+02 1 2.574480000000000E+01 
1.949164847320226E+02 6.897555663049703E+00 1 1.827960000000000E+01 
-2.002358423113995E+01 1.871812143223514E+01 1 3.451840000000000E+01 
1.698559363746203E+02 2.421197084193676E+02 1 3.173990000000000E+01 
1.789426858732383E+02 -1.059250751826682E+01 1 2.175370000000000E+01 
8.108439175947808E+01 3.090143344395676E+02 1 3.058260000000000E+01 
2.723194424789932E+02 1.495759747055391E+00 1 1.898700000000000E+01 
2.735179952407690E+02 2.635433874995306E+02 1 3.441320000000000E+01 
1.634180706631008E+01 2.597004782867925E+01 1 3.136590000000000E+01 
