# input file for alanine 2D (d4-d13)

# optimization
userfn       userfn_2D.py
bounds       -50 310; -50 310
num_tasks    2
kernel       stdp
initpts      2 30
iterpts      50
verbosity    2



RESULTS:
3.087024989384425E+00 -2.394778097344502E+01 0 -2.029909399865462E+05 
2.484434235387413E+02 1.227572584090596E+01 0 -2.030104885401769E+05 
-2.767637975576844E+01 4.329988039962683E+01 1 3.575580000000000E+01 
5.491247367900208E+01 1.799066919046310E+02 1 1.752430000000000E+01 
-3.573553194559344E+01 8.361832541739271E+01 1 3.664400000000000E+01 
8.907018450961077E+01 1.073828342363853E+02 1 3.130090000000000E+01 
7.387330619279827E+01 2.566102890980303E+01 1 2.941640000000000E+01 
1.921166288297874E+02 6.818244190583329E+00 1 1.828720000000000E+01 
-3.391051748216390E+01 1.787992509410283E+02 1 2.041140000000000E+01 
8.767811611659980E+00 1.927170264869518E+02 1 2.071760000000000E+01 
3.388630568845802E+01 8.174162101654245E+01 1 3.331170000000000E+01 
1.752801077782207E+02 1.433999096442430E+02 1 2.471230000000000E+01 
-3.763930758762272E+01 2.516955756764277E+02 1 3.030040000000000E+01 
2.876361640164967E+02 1.737266254304898E+02 1 2.239140000000000E+01 
2.374003114558368E+02 6.027393368465731E+01 1 3.412760000000000E+01 
1.259370874129188E+02 -7.606324255586028E+00 1 3.473440000000000E+01 
1.481451538746807E+02 -3.735636627171160E+01 1 3.421260000000000E+01 
7.182566018367292E+01 1.301694096133006E+02 1 2.550200000000000E+01 
2.537544204947724E+02 2.019258418806550E+02 1 2.782140000000000E+01 
-5.000000000000000E+01 2.083231149707703E+02 1 2.273160000000000E+01 
-5.000000000000000E+01 3.316706571102281E+01 1 3.038310000000000E+01 
2.171017308740919E+02 3.904000630051519E+01 1 2.601340000000000E+01 
4.060013947354547E+01 1.669248380654023E+02 1 1.876440000000000E+01 
1.819596372044175E+02 2.220165142929259E+02 1 2.767210000000000E+01 
-1.170313777617256E+01 1.189769612653087E+02 1 3.156160000000000E+01 
-1.112426901432271E+01 1.531238184279863E+02 1 2.361280000000000E+01 
1.254086154634846E+02 2.110520357101519E+02 1 2.444990000000000E+01 
2.768961544424035E+00 -3.486712293358195E+01 1 3.297150000000000E+01 
9.623548512096669E+01 3.100000000000000E+02 1 3.220170000000000E+01 
2.119496150875286E+02 4.946401068931726E+00 1 1.896590000000000E+01 
2.274301994965353E+02 2.100189240815894E+02 1 2.965070000000000E+01 
2.635564130783272E+02 2.819619983551676E+02 1 3.494870000000000E+01 
