# input file for alanine 2D (d4-d13)
# optimize aims with rst data from amber
# optimization
userfn       userfn_2D.py

bounds       -50 310; -50 310
kernel       stdp
initpts 5 40
iterpts     50
verbosity    2
data_sources    2


RESULTS:
 -5.000000000000000E+01 -5.000000000000000E+01  0.0      -8.802709572377000E+03
  1.300000000000000E+02  1.300000000000000E+02  0.0      -8.802650771197999E+03
  2.200000000000000E+02  4.000000000000000E+01  0.0      -8.802878353898999E+03
  4.000000000000000E+01  2.200000000000000E+02  0.0      -8.802815554653000E+03
  8.500000000000000E+01  8.500000000000000E+01  0.0      -8.802274129588999E+03 
 -5.000000000000000E+01 -5.000000000000000E+01  1.0       2.585050000000000E+01
  1.300000000000000E+02  1.300000000000000E+02  1.0       2.753240000000000E+01
  2.200000000000000E+02  4.000000000000000E+01  1.0       2.664890000000000E+01
  4.000000000000000E+01  2.200000000000000E+02  1.0       2.348490000000000E+01
  8.500000000000000E+01  8.500000000000000E+01  1.0       3.377250000000000E+01       1.858632913705087E+00       2.811340538945101E-01  2.631344927091030E-01
  2.146483478659151E+01  2.366442607599583E+02  1.0       2.848460000000000E+01       1.868530665788992E+00       9.296718642621515E-02  3.388346882584720E-01
  4.251918494426133E+01 -5.000000000000000E+01  1.0       3.176260000000000E+01       2.065245823739045E+00       1.086701778622251E-01  2.359868530980971E-01
  2.039256783126901E+02  5.713739193124337E+01  1.0       2.945160000000000E+01       2.059066454159776E+00       9.698775741453020E-02  2.351190466741620E-01
 -3.721347792381110E+01  3.100000000000000E+02  1.0       2.708670000000000E+01       2.040562707548977E+00       9.953835448128570E-02  2.325805530338459E-01
  4.671943190741666E+01  2.066637951096940E+02  1.0       2.036570000000000E+01       2.579944716723248E+00       2.077062015365611E-01  1.377919791035628E-01
  6.143355965568644E+01  2.081148454797243E+02  1.0       2.032800000000000E+01       2.726329351006057E+00       3.651341316221378E-01  1.322872765165696E-01
  6.360234541873194E+01  1.967825784634875E+02  1.0       1.856320000000000E+01       3.162880858154653E+00       3.941226096140881E-01  1.585445279004394E-01
  5.308889893829092E+01  1.832749841181558E+02  1.0       1.760060000000000E+01       3.513491109350558E+00       4.585164493476409E-01  2.643687889404281E-01
  7.648475792460681E+01  1.729539468158193E+02  1.0       1.815390000000000E+01       3.640188174639763E+00       5.078906476956178E-01  2.884801083495272E-01
  6.171005844856421E+00  1.741162935055917E+02  1.0       2.046800000000000E+01       3.688417920069686E+00       5.155159296390658E-01  2.948698931995077E-01
  5.639706116414440E+01  1.750560674060055E+02  1.0       1.760320000000000E+01       3.816657798998008E+00       5.166001336195825E-01  3.151710990363876E-01
  1.721933263319627E+02  1.916806845826632E+02  1.0       2.158840000000000E+01       3.853347632302722E+00       5.267197600865924E-01  3.162226262568811E-01
  6.127530007418457E+01  1.803026465738784E+02  1.0       1.748550000000000E+01       3.928016450516844E+00       5.201985842322538E-01  3.151070340739718E-01
  2.533413613929555E+02  1.776429081835358E+02  1.0       2.635210000000000E+01       3.952017183259973E+00       4.915318606624569E-01  3.086659609054113E-01
  5.951132633762078E+01  1.801779823699057E+02  1.0       1.748170000000000E+01       4.111474340331149E+00       4.799744910574687E-01  3.331821107610980E-01
  2.159719204560375E+02 -2.808137645531341E+01  1.0       2.493530000000000E+01       4.078695919036618E+00       4.784778943475370E-01  3.315464990251917E-01
 -4.769629056780578E+01  9.011416777375176E+01  1.0       3.589350000000000E+01       4.461722052500221E+00       5.780259651167241E-01  2.798376609703804E-01
  3.494225766102078E+01  1.701390991288436E+01  1.0       2.722000000000000E+01       4.417132046556822E+00       5.659082973443967E-01  2.890940986033509E-01
  1.878452107177146E+02  2.663662129847344E+02  1.0       3.576340000000000E+01       4.844239808820684E+00       6.174945921417331E-01  2.658018242607880E-01
  2.616005462782180E+02  2.288262881500533E+02  1.0       3.176470000000000E+01       4.827750640553177E+00       6.036408653582455E-01  2.725006922899681E-01
  1.300603882113823E+02 -4.448267128249500E-03  1.0       3.326540000000000E+01       5.068629438187069E+00       5.777260363092179E-01  2.697852852336435E-01
  3.012014746620457E+02  3.444545590724797E-01  1.0       2.040270000000000E+01       5.276762516629379E+00       5.539988158369825E-01  2.965328560766259E-01
  2.668472893103972E+02 -9.665941738281866E+00  1.0       1.918500000000000E+01       5.392731210787511E+00       5.463109302431218E-01  3.155448500177639E-01
  2.353874244853894E+02  1.216127068868901E+02  1.0       3.535630000000000E+01       5.498284738704031E+00       5.507620263953135E-01  3.097773447113850E-01
  1.248550862608486E+02  2.961482545195568E+02  1.0       3.654180000000000E+01       5.521170747612192E+00       5.498530742326477E-01  3.211654383521307E-01
  1.118436964562282E+00  5.660218502465332E+01  1.0       3.561900000000000E+01       5.631421108957595E+00       5.427505048737249E-01  3.079048726093866E-01
  1.184233559404694E+02  4.437283849730902E+01  1.0       3.262510000000000E+01       5.564181762843837E+00       5.414006599610659E-01  3.087645314775571E-01
  9.811785305477910E+00  1.151928217002888E+02  1.0       3.141510000000000E+01       5.506844478086002E+00       5.419079624732901E-01  3.088056622669271E-01
  2.873430365353180E+02  2.686787787318584E+02  1.0       3.257700000000000E+01       5.466429910313608E+00       5.448438574000473E-01  3.093675647503026E-01
  3.003871624042102E+02  1.389996278664144E+02  1.0       2.706090000000000E+01       5.538217755897564E+00       5.316660629124189E-01  3.107397753517929E-01
  1.416008305202244E+02  2.370812232241150E+02  1.0       3.076470000000000E+01       5.511302093325200E+00       5.321915548949796E-01  3.115952054653858E-01
  7.311642531382726E+01  2.699698873264212E+02  1.0       3.204460000000000E+01       5.476602314189361E+00       5.238388885648125E-01  3.130721957627061E-01
  2.816956024930612E+02  5.151830892139669E+01  1.0       3.197520000000000E+01       5.467631324680130E+00       5.246343383032340E-01  3.096544549040244E-01
  1.627383443840861E+02  9.337638108784286E+01  1.0       3.132590000000000E+01       5.438439941278687E+00       5.232613887823392E-01  3.107786385581528E-01
  1.899611967872135E+02  1.513800876613845E+02  1.0       2.462390000000000E+01       5.513870606399300E+00       5.161629970494278E-01  3.123505570064451E-01
