# input file for alanine 2D (d4-d13)

# optimization
userfn       userfn_2D.py
bounds       -50 310; -50 310
num_tasks    2
kernel       stdp
initpts      2 30
iterpts      50
verbosity    2
kappa_prior  gamma
kappa_priorparam 2 0.014


RESULTS:
3.027004526408828E+02 2.423769431920397E+02 0 -2.029948978172958E+05 
2.288012454359725E+02 2.592912102377022E+02 0 -2.029888496978182E+05 
-4.700983355913578E+01 2.737840602718858E+02 1 3.110890000000000E+01 
4.668533574258985E+01 1.090469909211180E+02 1 2.996790000000000E+01 
1.164215407183455E+01 1.069604169579788E+01 1 3.289040000000000E+01 
3.749219178692709E+01 2.892063385234090E+02 1 3.348460000000000E+01 
1.931883714844950E+02 3.310100354970058E+00 1 1.840380000000000E+01 
2.904835523614846E+02 2.446531670348105E+02 1 3.054930000000000E+01 
1.562731391974227E+02 -4.608466704324033E+01 1 3.413680000000000E+01 
6.349608831142866E+00 2.093149678414104E+02 1 2.315990000000000E+01 
2.278727249258359E+02 2.828921480376029E+02 1 3.747740000000000E+01 
1.649517619617216E+02 1.422763274830268E+02 1 2.453040000000000E+01 
1.506890966648449E+02 1.798426930003435E+02 1 2.058880000000000E+01 
2.317149247391380E+02 2.379535266552231E+02 1 3.533290000000000E+01 
2.241575916552913E+02 1.506840522631808E+02 1 2.905500000000000E+01 
2.741023013970502E+02 8.339684527687542E+01 1 3.696870000000000E+01 
2.244535449542566E+02 3.100000000000000E+02 1 3.173900000000000E+01 
3.813886699881064E+01 -4.481084512825510E+01 1 3.182830000000000E+01 
2.544111194024115E+02 -3.518186149729558E+01 1 2.567380000000000E+01 
6.214364589489461E+00 1.130451858236726E+02 1 3.209070000000000E+01 
9.618475943113296E+01 -2.993047646025708E+01 1 3.042820000000000E+01 
1.967042167303025E+02 5.228554201988430E+01 1 2.729010000000000E+01 
2.841178855574315E+02 2.067492145058893E+02 1 2.461060000000000E+01 
2.556810093560877E+02 1.504846423901099E+02 1 2.918410000000000E+01 
2.550392101793038E+02 2.943117116790938E+02 1 3.399610000000000E+01 
1.440355267565996E+02 2.700459456347126E+02 1 3.635640000000000E+01 
-5.000000000000000E+01 9.829295902677583E+01 1 3.506810000000000E+01 
4.991612320796240E+01 2.028583650864297E+02 1 1.958640000000000E+01 
2.593108248566170E+02 2.586705267992956E+02 1 3.624120000000000E+01 
1.238348249707173E+02 2.488969350042736E+02 1 3.306310000000000E+01 
-1.881045576906720E+01 5.723903002656179E+01 1 3.689510000000000E+01 
9.976066414551580E+01 1.737951671764972E+02 1 1.965550000000000E+01 
