# input file for alanine 2D (d4-d13)

# optimization
userfn       userfn_2D.py
bounds       -50 310; -50 310
num_tasks    2
kernel       stdp
initpts      2 30
iterpts      50
verbosity    2
kappa_prior  gamma
kappa_priorparam 2 0.014


RESULTS:
6.191222620664330E+01 -2.372203548975123E+00 0 -2.030037258616854E+05 
4.603149305639437E+01 -3.590418312760100E+01 0 -2.029967005262678E+05 
2.018010248659606E+02 2.125307349661763E+02 1 2.757780000000000E+01 
1.523565685325844E+02 -4.176786106052444E+01 1 3.412870000000000E+01 
2.692195723007346E+02 1.543353694374049E+02 1 2.705160000000000E+01 
1.192931241555026E+02 -4.847514141626896E+01 1 3.531190000000000E+01 
7.545525845297756E+01 -3.615137628935580E+01 1 2.814780000000000E+01 
2.868344465175390E+02 2.551522332376663E+02 1 3.215860000000000E+01 
3.100000000000000E+02 1.548662146881602E+02 1 2.323770000000000E+01 
1.454872763127716E+02 1.518639427307754E+02 1 2.293510000000000E+01 
2.240817784600440E+02 2.689124048583554E+02 1 3.822650000000000E+01 
2.858310551921086E+02 1.334726894213065E+02 1 2.949090000000000E+01 
2.214275791226895E+02 1.747350385544876E+02 1 2.617530000000000E+01 
1.369166871970082E+02 2.168564208533708E+02 1 2.588460000000000E+01 
1.947450592618859E+02 4.159993497482084E+01 1 2.417780000000000E+01 
1.585769059394007E+02 2.399902460255901E+02 1 3.125640000000000E+01 
-4.732409724376439E+01 2.104289141527013E+02 1 2.300950000000000E+01 
5.265060169948269E+01 1.294391395526288E+02 1 2.546340000000000E+01 
1.750866661111097E+02 -1.397034803474921E+01 1 2.324970000000000E+01 
-9.115449962815395E+00 -2.877476180726837E+01 1 3.104260000000000E+01 
2.826752998384812E+02 9.266969197358199E+01 1 3.636910000000000E+01 
1.591483587168195E+02 2.899589863754394E+02 1 3.616100000000000E+01 
3.167766633520231E+01 5.569736626612956E+01 1 3.193380000000000E+01 
-1.697626019267993E+00 2.466780733596510E+02 1 3.102600000000000E+01 
4.404983735046899E+01 1.050296654703433E+02 1 3.074190000000000E+01 
1.416824274653940E+02 -9.132998179879960E+00 1 3.154940000000000E+01 
1.896865740414356E+02 8.933145322989155E+00 1 1.831540000000000E+01 
2.556983681542667E+02 6.938934247347167E+01 1 3.636900000000000E+01 
2.767319653874103E+02 -5.420011339403151E+00 1 1.852980000000000E+01 
2.100745873445094E+02 1.778672674058028E+00 1 1.890650000000000E+01 
1.025769078613277E+02 -1.246876624324721E+01 1 3.215950000000000E+01 
2.818089126722462E+01 1.851278916254503E+01 1 2.857880000000000E+01 
