# input file for alanine 2D (d4-d13)

# optimization
userfn       userfn_2D.py
bounds       -50 310; -50 310
num_tasks    2
kernel       stdp
initpts      2 30
iterpts      50
verbosity    2
thetaprior gamma
thetapriorparam 2 0.019; 3.3678 9.0204; 3.3678 9.0204


RESULTS:
1.476788796773477E+01 1.691324134078546E+02 0 -2.030074612983083E+05 
2.217733976071117E+02 1.718408654308260E+02 0 -2.030065336629418E+05 
1.492410964958195E+02 1.954690414775294E+02 1 2.177570000000000E+01 
1.629512122196039E+02 2.851543540378261E+02 1 3.611650000000000E+01 
1.878735011016292E+02 1.067163480118763E+00 1 1.876890000000000E+01 
3.100000000000000E+02 -4.532895330430266E+01 1 2.485810000000000E+01 
2.872378545415767E+02 -1.111618707095639E+01 1 1.851110000000000E+01 
1.895304276351486E+02 1.451119248364764E+01 1 1.853840000000000E+01 
1.766500614102141E+02 3.100000000000000E+02 1 3.222910000000000E+01 
1.381593269517349E+01 2.260467228129731E+01 1 3.191390000000000E+01 
-4.284049297172493E+01 3.537391371227170E+01 1 3.233890000000000E+01 
9.498755542820837E+01 2.635039321813874E+02 1 3.309100000000000E+01 
2.703132774936251E+02 2.977330839567059E+02 1 3.118240000000000E+01 
2.870282014805371E+02 5.529087103386201E+01 1 3.294270000000000E+01 
2.496807789418974E+01 2.697763432018356E+02 1 3.368460000000000E+01 
2.936457869500266E+02 2.709391428670286E+02 1 3.189680000000000E+01 
3.064064817541659E+02 1.710344524334055E+02 1 2.111110000000000E+01 
-1.316114412582158E+01 1.127307975118676E+02 1 3.293630000000000E+01 
1.151934034842294E+01 1.649592532721507E+02 1 2.098140000000000E+01 
-8.841149674570910E-01 -1.104393330079668E+01 1 3.405610000000000E+01 
-1.880645155551236E+00 3.095580122936368E+02 1 3.277830000000000E+01 
6.341340678076474E+01 1.754452681489767E+02 1 1.759240000000000E+01 
5.353179895888383E+01 1.798649196740286E+01 1 2.578790000000000E+01 
1.698818941620858E+02 5.751995949475202E+01 1 2.729850000000000E+01 
-5.000000000000000E+01 2.271407652957551E+02 1 2.619080000000000E+01 
1.183109676449566E+02 -4.697503579346434E+01 1 3.512160000000000E+01 
1.021593845103812E+02 6.059392566527104E+01 1 3.449300000000000E+01 
-6.892811198738104E+00 2.013687713204838E+02 1 2.206600000000000E+01 
-4.333577617715368E+01 1.326416345788285E+02 1 2.815350000000000E+01 
-3.825394203948839E+01 8.243854918649900E+01 1 3.660850000000000E+01 
5.442413462127345E+01 5.412174262342409E+01 1 3.109290000000000E+01 
2.059206924001954E+02 -3.325004310021485E+01 1 2.641470000000000E+01 
