# input file for alanine 2D (d4-d13)

# optimization
userfn       userfn_2D.py
bounds       -50 310; -50 310
num_tasks    2
kernel       stdp
initpts      2 30
iterpts      50
verbosity    2



RESULTS:
-7.471770150622807E+00 1.786617711967712E+02 0 -2.030077629694654E+05 
-4.180270961989829E+01 -1.543405752500377E+01 0 -2.030020184956045E+05 
-5.000000000000000E+01 2.307055974048277E+02 1 2.687560000000000E+01 
2.955859457835026E+02 3.054722302839891E+02 1 2.675320000000000E+01 
-2.190814960183735E+01 -5.000000000000000E+01 1 2.950080000000000E+01 
1.371671499333065E+02 9.907485623991819E+01 1 3.222010000000000E+01 
1.728787122684211E+02 1.141153834811236E+02 1 2.980910000000000E+01 
4.979178246019372E+01 -5.000000000000000E+01 1 3.095250000000000E+01 
1.143666061735859E+02 1.830721157012740E+01 1 3.404930000000000E+01 
-1.428751997891109E+01 1.881659832461740E+02 1 2.077410000000000E+01 
5.980152748071516E+01 1.799414880663756E+02 1 1.748170000000000E+01 
1.443333385126758E+02 1.447126847573459E+02 1 2.422560000000000E+01 
6.022638965080213E+01 -1.712820729652936E+01 1 2.550960000000000E+01 
1.858497855880497E+02 4.243567197831486E+01 1 2.381100000000000E+01 
2.575635302175697E+02 1.623677505626879E+02 1 2.714250000000000E+01 
1.554363198280226E+02 2.804277140788619E+02 1 3.652040000000000E+01 
2.236535960368232E+02 2.971795413158402E+02 1 3.500180000000000E+01 
-5.699699320564767E+00 -2.228650609466770E+00 1 3.441180000000000E+01 
2.544644061697986E+02 2.672206974708922E+02 1 3.706460000000000E+01 
5.893628937206423E+01 1.811744593552370E+02 1 1.748700000000000E+01 
2.013242767586787E+02 2.668220524990084E+02 1 3.666410000000000E+01 
2.652079184714871E+02 -3.983948810156829E+01 1 2.579170000000000E+01 
3.700519611255564E+00 4.256407694807110E+01 1 3.443550000000000E+01 
2.561950825229249E+02 4.110564713203255E+01 1 2.908880000000000E+01 
5.856683670775223E+01 2.063152168365909E+02 1 1.999880000000000E+01 
1.133274921714315E+02 7.422997984649122E+01 1 3.436700000000000E+01 
-3.221925970500114E+01 -2.081507928047879E+01 1 2.497390000000000E+01 
1.546191364290179E+02 2.356525903036438E+02 1 3.029590000000000E+01 
3.100000000000000E+02 1.044484560889334E+02 1 3.421240000000000E+01 
1.956440534015387E+02 1.960348245858092E+02 1 2.407580000000000E+01 
1.944763727868010E+01 -2.615203263496482E+01 1 3.316680000000000E+01 
8.173028610381081E+01 -4.286776121263371E+01 1 2.956330000000000E+01 
