# input file for alanine 2D (d4-d13)

# optimization
userfn       userfn_2D.py
bounds       -50 310; -50 310
num_tasks    2
kernel       stdp
initpts      2 30
iterpts      50
verbosity    2
W_prior      gaussian
W_priorparam 10.757 4.226


RESULTS:
-1.313594874571572E+01 3.614811394268700E+01 0 -2.029917987464312E+05 
2.228571293797523E+02 2.313111217294877E+02 0 -2.029954745708995E+05 
9.376090236793816E+01 -4.715731205933763E+01 1 3.154670000000000E+01 
5.065108454353320E-01 1.579299982590706E+02 1 2.249910000000000E+01 
2.132355726880950E+01 7.967461600459563E+01 1 3.438920000000000E+01 
-4.845643409856127E+01 2.150146565521366E+02 1 2.383830000000000E+01 
2.782023921713567E+02 -4.171968279802350E+00 1 1.851480000000000E+01 
1.248681640893646E+02 1.222357739824770E+02 1 2.922660000000000E+01 
1.660097612732564E+02 1.122366317016519E+02 1 2.987780000000000E+01 
2.815250862205214E+02 3.075969266765761E+02 1 2.731760000000000E+01 
1.868463362445262E+02 7.876450347972036E+01 1 3.152360000000000E+01 
1.689220373921362E+02 1.690089908462194E+02 1 2.099360000000000E+01 
2.166105288743933E+02 1.734503653079235E+02 1 2.571570000000000E+01 
7.290813757461089E+01 2.760272752788252E+02 1 3.229700000000000E+01 
-3.012712497857944E+01 1.304371541904549E+02 1 2.878630000000000E+01 
2.729116159936298E+02 2.122613683878983E+02 1 2.706060000000000E+01 
4.297468347488972E+01 1.287865467816052E+02 1 2.597760000000000E+01 
2.949193811936509E+02 8.796730451429255E-01 1 1.961310000000000E+01 
1.042805938087162E+02 2.639126592968313E+02 1 3.400290000000000E+01 
1.334443363329090E+02 1.990331030320356E+01 1 2.962700000000000E+01 
1.186905362513393E+02 2.864975863654203E+02 1 3.631750000000000E+01 
2.156046722964890E+02 8.345402010747522E+01 1 3.577260000000000E+01 
1.122259803098153E+02 2.209323025842065E+02 1 2.609510000000000E+01 
2.916089060667122E+02 2.784009321761955E+02 1 3.165020000000000E+01 
3.054002961500508E+02 5.067591152957162E+01 1 3.331780000000000E+01 
2.941511472781592E+02 1.165250156217394E+02 1 3.252750000000000E+01 
2.024261181439446E+02 2.291524378318491E+02 1 3.122420000000000E+01 
2.149484488117385E+02 2.511953038194386E+00 1 1.915500000000000E+01 
2.665172794609132E+02 1.870686601609532E+02 1 2.499370000000000E+01 
7.221127969877904E+01 1.414307588672213E+02 1 2.287330000000000E+01 
1.754990374510088E+01 4.136345713507081E+01 1 3.209400000000000E+01 
-3.000172030424521E+01 2.514462238386220E+02 1 3.056680000000000E+01 
