# input file for alanine 2D (d4-d13)

# optimization
userfn       userfn_2D.py
bounds       -50 310; -50 310
num_tasks    2
kernel       stdp
initpts      2 30
iterpts      50
verbosity    2
thetaprior gamma
thetapriorparam 2 0.019; 3.3678 9.0204; 3.3678 9.0204


RESULTS:
5.386848461750923E+01 1.270196869902474E+02 0 -2.029978358019098E+05 
3.105926753128406E+01 7.317082903910843E+00 0 -2.030003610257791E+05 
2.760562305107370E+02 2.804321111715113E+02 1 3.331940000000000E+01 
2.281904657290328E+02 1.522348193753018E+02 1 2.911910000000000E+01 
2.643794753524328E+02 1.528387400997453E+02 1 2.789010000000000E+01 
-2.979654086933299E+01 2.341127119248390E+02 1 2.770560000000000E+01 
1.963933376543733E+02 1.694214316071672E+02 1 2.330870000000000E+01 
6.334107242935384E+01 1.886227239437212E+02 1 1.778350000000000E+01 
1.487785116529356E+02 -4.354515427178805E+01 1 3.483150000000000E+01 
1.480431691639071E+01 7.365515932215988E+01 1 3.496460000000000E+01 
1.851874028815431E+02 5.992735151955551E+01 1 2.813640000000000E+01 
1.274420964298336E+02 1.200477913875314E+02 1 2.960870000000000E+01 
1.756623384997188E+02 1.456156994045213E+02 1 2.433270000000000E+01 
1.328010721583365E+02 2.815891971405799E+02 1 3.698370000000000E+01 
1.522632539345551E+02 1.680807692666869E+01 1 2.411770000000000E+01 
6.431072237727011E+01 2.941041539371270E+02 1 3.167820000000000E+01 
2.071033238614121E+02 1.271795095805358E+02 1 3.138730000000000E+01 
5.726480562480419E+01 1.326807461748597E+02 1 2.463600000000000E+01 
2.514626633410400E+02 1.199670257196447E+02 1 3.557610000000000E+01 
-3.621554282310746E+00 1.867584556759756E+02 1 2.068610000000000E+01 
-1.352783220910458E+01 6.530984272514567E+01 1 3.704680000000000E+01 
-2.582017057445141E+01 -1.560758150911999E+01 1 2.720390000000000E+01 
2.912230492518177E+02 4.705760166013745E+01 1 3.123790000000000E+01 
3.767437128597185E+01 1.070877177451054E+02 1 3.076140000000000E+01 
7.758008885333449E+01 1.081971526424419E+02 1 3.052780000000000E+01 
-2.490038421660887E+01 3.996054586159985E+01 1 3.573960000000000E+01 
9.082060664929421E+01 1.604422231876978E+02 1 2.031910000000000E+01 
1.929276420630127E+02 1.228473941563877E+01 1 1.839890000000000E+01 
1.952023289645304E+02 9.572099550607614E+01 1 3.328220000000000E+01 
2.704950100027121E+02 8.641539229970100E+01 1 3.729670000000000E+01 
-2.346777122884263E+01 2.598520628693993E+02 1 3.182770000000000E+01 
2.907284004850648E+02 1.922363225347410E+02 1 2.215780000000000E+01 
