# input file for alanine 2D (d4-d13)

# optimization
userfn       userfn_2D.py
bounds       -50 310; -50 310
num_tasks    2
kernel       stdp
initpts      2 30
iterpts      50
verbosity    2
W_prior      gaussian
W_priorparam 10.757 4.226

thetaprior gamma
thetapriorparam 2 0.019; 3.3678 9.0204; 3.3678 9.0204
RESULTS:
1.490407844129010E+02 1.020350279394748E+02 0 -2.029919595897342E+05 
2.122885541115340E+02 -1.182179827282566E+01 0 -2.030087895795538E+05 
2.737143862991265E+02 1.679682898903998E+02 1 2.459180000000000E+01 
1.375268428810787E+02 2.126656719231850E+02 1 2.493830000000000E+01 
1.869705512318441E+02 -6.952142207557928E+00 1 2.002190000000000E+01 
2.961417757782329E+01 1.223358782585900E+02 1 2.834020000000000E+01 
1.935836864396379E+02 8.918340005122062E+00 1 1.828150000000000E+01 
3.246782716092822E+00 -2.263102253022041E+01 1 3.351170000000000E+01 
-1.675027426195311E+01 5.023251926342562E+01 1 3.656310000000000E+01 
4.348145249724380E+01 8.637874909414411E+01 1 3.264560000000000E+01 
1.693397539061550E+02 2.430244793415673E+02 1 3.192160000000000E+01 
1.772451807301819E+02 1.393245313282928E+02 1 2.559920000000000E+01 
5.741701618308310E+01 1.795593219004623E+02 1 1.749290000000000E+01 
1.199369078907878E+02 -2.441800755071722E+01 1 3.480180000000000E+01 
2.631305901292192E+02 2.114294722350390E+02 1 2.826560000000000E+01 
2.022927662329554E+02 2.603509220717407E+02 1 3.636110000000000E+01 
1.575765485777356E+01 7.384361967804293E+01 1 3.487190000000000E+01 
-4.291470579782748E+00 1.453765249574060E+02 1 2.511960000000000E+01 
2.470469450359383E+02 1.449406440503986E+02 1 3.076820000000000E+01 
8.541263534553924E+01 2.507851363781334E+02 1 3.050150000000000E+01 
6.513465648175118E+01 6.198785722301624E+01 1 3.242750000000000E+01 
8.730049715156615E+01 -3.285261825741021E+01 1 2.904760000000000E+01 
1.480949345315838E+02 -3.976213301172580E+01 1 3.450070000000000E+01 
1.548630458719285E+02 1.027777212099401E+02 1 3.103740000000000E+01 
1.904756965853530E+02 9.073157295292102E+00 1 1.830160000000000E+01 
4.063480400519816E+01 4.702418509481857E+01 1 3.018460000000000E+01 
2.867146843954844E+02 2.374853581774001E+02 1 2.985670000000000E+01 
1.992026792197794E+02 8.507567427879664E+00 1 1.838040000000000E+01 
2.202951956419090E+02 2.192102005715672E+02 1 3.095250000000000E+01 
2.595353273832347E+02 4.193752802073365E+01 1 2.933610000000000E+01 
1.222751587794796E+02 3.008320590720907E+02 1 3.616050000000000E+01 
6.029895204786979E+01 1.802303922338381E+02 1 1.748200000000000E+01 
