# input file for alanine 2D (d4-d13)

# optimization
userfn       userfn_2D.py
bounds       -50 310; -50 310
num_tasks    2
kernel       stdp
initpts      2 30
iterpts      50
verbosity    2
thetaprior gamma
thetapriorparam 2 0.019; 3.3678 9.0204; 3.3678 9.0204


RESULTS:
2.737159482036664E+02 8.371944333706004E+01 0 -2.029887867574309E+05 
1.335335379176867E+02 1.947849233270895E+02 0 -2.030065285207539E+05 
-2.117198671998219E+01 2.644696881470659E+02 1 3.231740000000000E+01 
6.349608831142866E+00 2.093149678414104E+02 1 2.315990000000000E+01 
2.891612861797512E+02 -1.664859314142347E+01 1 1.890390000000000E+01 
2.577243516208963E+02 -1.317767217370972E-01 1 1.953100000000000E+01 
-5.000000000000000E+01 9.819592872821065E-01 1 2.232130000000000E+01 
1.348558302577344E+02 8.274066506699688E+01 1 3.291820000000000E+01 
4.668533574258985E+01 1.090469909211180E+02 1 2.996790000000000E+01 
2.841178855574315E+02 2.067492145058893E+02 1 2.461060000000000E+01 
-2.546652994076312E+01 2.562503763144369E+01 1 3.435100000000000E+01 
9.976066414551580E+01 1.737951671764972E+02 1 1.965550000000000E+01 
-1.881045576906720E+01 5.723903002656179E+01 1 3.689510000000000E+01 
3.813886699881064E+01 -4.481084512825510E+01 1 3.182830000000000E+01 
2.068032234115748E+02 1.372778085654055E+01 1 1.914900000000000E+01 
4.309478880504252E+00 2.920385825783551E+02 1 3.424500000000000E+01 
1.992308986043020E+02 -1.900397290290174E+01 1 2.224420000000000E+01 
3.007333246094706E+02 1.792494439749667E+02 1 2.097010000000000E+01 
8.725640971396288E+01 2.293280512097361E+02 1 2.614420000000000E+01 
2.656254850370652E+02 1.200575372730953E+02 1 3.448210000000000E+01 
8.263854785171145E+01 9.314926072199312E+01 1 3.296670000000000E+01 
2.556810093560877E+02 1.504846423901099E+02 1 2.918410000000000E+01 
2.666397674542955E+02 4.793620048199455E+01 1 3.107160000000000E+01 
9.618475943113296E+01 -2.993047646025708E+01 1 3.042820000000000E+01 
1.859349033821350E+02 1.881136018186079E+02 1 2.222810000000000E+01 
1.601845148888347E+02 1.066204586108476E+02 1 3.054870000000000E+01 
7.186960486190242E+01 1.545061300115279E+02 1 2.017000000000000E+01 
2.553738370343829E+02 2.214803552035681E+02 1 3.106640000000000E+01 
1.194195385179638E+02 2.959535150615118E+02 1 3.613940000000000E+01 
2.294472293539576E+02 1.008242585683474E+02 1 3.754890000000000E+01 
-1.990241400766352E+01 9.043859180478105E+01 1 3.641040000000000E+01 
2.544111194024115E+02 -3.518186149729558E+01 1 2.567380000000000E+01 
