# input file for alanine 2D (d4-d13)

# optimization
userfn       userfn_2D.py
bounds       -50 310; -50 310
num_tasks    2
kernel       stdp
initpts      2 30
iterpts      50
verbosity    2
kappa_fixto  0 0
W_rank       2
W_prior      gaussian
W_priorparam 7.606 4.226
thetaprior gamma
thetapriorparam 2 0.019; 3.3678 9.0204; 3.3678 9.0204

RESULTS:
5.345565005979411E+01 1.313885044392643E+02 0 -2.029992029212461E+05 
1.537075304834392E+02 2.054612447213952E+02 0 -2.030046238270922E+05 
1.568897809177913E+02 6.143706156658322E+01 1 2.881400000000000E+01 
2.195195661567342E+02 2.050075081702785E+02 1 2.819060000000000E+01 
3.004897246360693E+02 2.283269787673952E+02 1 2.686550000000000E+01 
-4.559403781227465E+01 1.975852211044524E+02 1 2.119060000000000E+01 
2.183711508974863E+02 1.664115498514653E+02 1 2.637000000000000E+01 
5.661461254712626E+01 1.363225863617340E+00 1 2.463360000000000E+01 
6.352275600573411E+01 1.051559925479456E+02 1 3.049900000000000E+01 
-3.533600342438066E+01 9.273255291825190E+01 1 3.596690000000000E+01 
6.071164968590411E+01 1.815152272276860E+02 1 1.749040000000000E+01 
2.529721849877440E+02 3.063110503762485E+02 1 3.129100000000000E+01 
2.935740668228042E+02 1.694087014832436E+02 1 2.212380000000000E+01 
-3.172527540751872E+01 2.495573750718218E+02 1 3.024100000000000E+01 
9.745168429205902E+00 -1.995334830637741E+01 1 3.387680000000000E+01 
2.831592664407490E+02 1.431817070677643E+02 1 2.758170000000000E+01 
2.504381450005395E+02 -1.171969098037668E+01 1 2.053260000000000E+01 
-1.972112665434573E+01 2.907833340732447E+02 1 3.198260000000000E+01 
2.859888586782367E+02 2.571520763413242E+02 1 3.241190000000000E+01 
1.128493742733080E+02 1.710543819298493E+02 1 2.053330000000000E+01 
1.713847121972541E+02 9.338065195631341E+01 1 3.136720000000000E+01 
1.353433033685596E+02 8.842730140881647E-02 1 3.184050000000000E+01 
4.036552862146695E+01 3.489426577923542E+01 1 2.841850000000000E+01 
-1.998617908892589E+01 6.247780402689255E+00 1 3.275570000000000E+01 
7.931962381813226E+01 4.596391066046547E+01 1 3.259760000000000E+01 
-3.203464237619874E+01 5.634133044323763E+01 1 3.638700000000000E+01 
3.046740148463069E+02 -2.108656974519197E+01 1 2.026830000000000E+01 
2.648800645807653E+02 9.607834620299469E+01 1 3.756520000000000E+01 
1.287749584967517E+01 3.040448202048337E+02 1 3.412500000000000E+01 
2.482433204415474E+02 2.722217865981636E+02 1 3.757510000000000E+01 
1.921328977444151E+02 8.980722671611883E+00 1 1.828330000000000E+01 
1.943916827353395E+02 -8.421345407785038E+00 1 1.988340000000000E+01 
