# input file for alanine 2D (d4-d13)

# optimization
userfn       userfn_2D.py
bounds       -50 310; -50 310
num_tasks    2
kernel       stdp
initpts      2 30
iterpts      50
verbosity    2
kappa_prior  gamma
kappa_priorparam 1 71.428
W_prior      gaussian
W_priorparam 0 8.451
thetaprior gamma
thetapriorparam 2 0.019; 3.3678 9.0204; 3.3678 9.0204

RESULTS:
1.478592499187425E+02 1.243831578951834E+02 0 -2.029963560937903E+05 
2.072827166903329E+01 -2.227707973256619E+01 0 -2.029929194699134E+05 
2.643794753524328E+02 1.528387400997453E+02 1 2.789010000000000E+01 
1.045821456451637E+02 1.895450647905589E+02 1 2.023400000000000E+01 
7.026872129298049E+01 1.782542109028080E+02 1 1.768820000000000E+01 
2.945052304332985E+02 1.446444621168215E+02 1 2.616910000000000E+01 
2.907284004850648E+02 1.922363225347410E+02 1 2.215780000000000E+01 
2.962288520797234E+02 2.534740176264748E+02 1 3.106050000000000E+01 
2.293931276325852E+02 8.346105611004322E+01 1 3.738610000000000E+01 
1.285644266522904E+02 2.454696458522938E+02 1 3.252770000000000E+01 
1.696343630515558E+02 2.630490249049057E+02 1 3.511940000000000E+01 
6.431072237727011E+01 2.941041539371270E+02 1 3.167820000000000E+01 
1.955060604463372E+02 6.311784585160884E+00 1 1.828980000000000E+01 
7.758008885333449E+01 1.081971526424419E+02 1 3.052780000000000E+01 
5.134976013366489E+01 2.629643819813786E+02 1 3.148360000000000E+01 
-3.621554282310746E+00 1.867584556759756E+02 1 2.068610000000000E+01 
4.655378415177957E+01 -1.290201163633553E+01 1 2.650330000000000E+01 
8.240034017995133E+01 2.357566626195629E+02 1 2.725570000000000E+01 
7.106608038373196E+01 4.843581673479400E+01 1 3.180340000000000E+01 
1.328010721583365E+02 2.815891971405799E+02 1 3.698370000000000E+01 
2.281904657290328E+02 1.522348193753018E+02 1 2.911910000000000E+01 
2.276159628605610E+02 2.299317407103260E+02 1 3.365060000000000E+01 
4.978995345457092E+01 1.738074312063821E+02 1 1.781260000000000E+01 
1.619851392471058E+02 1.866857657327407E+02 1 2.088380000000000E+01 
1.522632539345551E+02 1.680807692666869E+01 1 2.411770000000000E+01 
4.509465533731384E+00 2.718816058370808E+02 1 3.414740000000000E+01 
1.952023289645304E+02 9.572099550607614E+01 1 3.328220000000000E+01 
2.142324318360558E+02 1.986258176225099E+02 1 2.669000000000000E+01 
-2.979654086933299E+01 2.341127119248390E+02 1 2.770560000000000E+01 
2.316821792852462E+02 -4.463771562661107E+00 1 2.017730000000000E+01 
-1.201406603621388E+01 1.547163912687748E+02 1 2.331570000000000E+01 
-5.000000000000000E+01 2.145339658145570E+02 1 2.379210000000000E+01 
