# input file for alanine 2D (d4-d13)

# optimization
userfn       userfn_2D.py
bounds       -50 310; -50 310
num_tasks    2
kernel       stdp
initpts      2 30
iterpts      50
verbosity    2
kappa_prior  gamma
kappa_priorparam 2 0.014


RESULTS:
6.015317513781076E+00 -1.982576743682716E+01 0 -2.029907458489475E+05 
1.155529804272677E+02 2.343856978206687E+02 0 -2.029962116321914E+05 
9.535195289752163E+01 9.362325058290719E+01 1 3.352860000000000E+01 
1.439921024671239E+02 2.112432566586164E+02 1 2.460260000000000E+01 
1.290744215095624E+02 8.710376543386481E+01 1 3.334680000000000E+01 
1.112476070976817E+02 2.132004068766179E+02 1 2.429470000000000E+01 
1.975179001004218E+02 2.942260850064189E+02 1 3.465400000000000E+01 
2.958466431629870E+02 1.525226319844324E+02 1 2.442340000000000E+01 
-1.821589081786139E+01 2.469247646877106E+02 1 3.049290000000000E+01 
6.433500954892426E+01 -2.643006932436930E+01 1 2.653880000000000E+01 
2.973802695390521E+02 1.034613673832529E+02 1 3.458770000000000E+01 
2.705904831507142E+02 2.203053354781061E+02 1 2.887760000000000E+01 
-3.083824177921333E+01 1.666496350258881E+02 1 2.133760000000000E+01 
2.365236043530334E+02 8.496148717868473E+01 1 3.800550000000000E+01 
7.967382728082804E+01 2.335409650036240E+02 1 2.657540000000000E+01 
2.453754485926888E+02 1.781801181567865E+01 1 2.219040000000000E+01 
9.295878856896694E+01 -2.159110856281889E+01 1 2.946530000000000E+01 
1.348350014774494E+01 6.067754939732789E+01 1 3.443120000000000E+01 
2.213333180798362E+02 1.332616682256068E+02 1 3.207910000000000E+01 
1.735279288454316E+02 1.426764225651730E+02 1 2.474960000000000E+01 
2.906247541484411E+02 2.886934698791098E+02 1 3.047170000000000E+01 
-3.471437206533042E+01 1.130732867542828E+02 1 3.276710000000000E+01 
-1.942508650099430E+01 4.555971172289714E+01 1 3.633890000000000E+01 
1.483195358879608E+02 -5.978009895125582E+00 1 2.880920000000000E+01 
1.683941531299871E+02 3.064343069377829E+02 1 3.370360000000000E+01 
2.472397766627217E+02 1.142055513451913E+02 1 3.667550000000000E+01 
2.584158209641491E+02 2.675378137729089E+02 1 3.658480000000000E+01 
2.120352743328889E+02 1.261155500224713E+01 1 1.942460000000000E+01 
2.821823404743726E+02 -2.171875724459500E+01 1 1.972670000000000E+01 
1.899785080563634E+02 1.212068544797526E+02 1 3.011620000000000E+01 
1.948152216076925E+02 1.026851864976776E+01 1 1.832810000000000E+01 
1.013008340476364E+02 1.230840850332828E+02 1 2.871920000000000E+01 
