# input file for alanine 2D (d4-d13)

# optimization
userfn       userfn_2D.py
bounds       -50 310; -50 310
num_tasks    2
kernel       stdp
initpts      2 30
iterpts      50
verbosity    2
W_prior      gaussian
W_priorparam 10.757 4.226

thetaprior gamma
thetapriorparam 2 0.019; 3.3678 9.0204; 3.3678 9.0204
RESULTS:
1.831300987754378E+01 -4.118900221166783E+01 0 -2.029912152128704E+05 
8.549796705843100E+01 2.192468885929066E+02 0 -2.030015402841675E+05 
1.896865740414356E+02 8.933145322989155E+00 1 1.831540000000000E+01 
6.064136794984831E+01 1.801325939281579E+02 1 1.748280000000000E+01 
1.656048173729225E+02 1.839196160376843E+02 1 2.078340000000000E+01 
1.240553995484897E+02 2.679124266712990E+02 1 3.587100000000000E+01 
1.126607178473734E+01 1.518541398209009E+02 1 2.306920000000000E+01 
7.429787082717043E+01 1.822848663455767E+02 1 1.785960000000000E+01 
2.362295258208368E+02 1.485378621235055E+02 1 3.015340000000000E+01 
2.901582144106069E+02 1.812484123457270E+02 1 2.185670000000000E+01 
6.676252554568505E+00 7.602345798786121E+01 1 3.579480000000000E+01 
1.103644981686237E+02 6.835411139655611E+01 1 3.440620000000000E+01 
1.750862698965408E+02 2.192156804183491E+02 1 2.663660000000000E+01 
1.369460125200366E+02 1.069303987302815E+02 1 3.140370000000000E+01 
2.818089126722462E+01 1.851278916254503E+01 1 2.857880000000000E+01 
-4.732409724376439E+01 2.104289141527013E+02 1 2.300950000000000E+01 
2.057662564111786E+02 1.310136812103597E+02 1 3.047850000000000E+01 
2.108947414636602E+02 9.285432008890574E+01 1 3.552270000000000E+01 
1.002907670200641E+02 2.892647786624618E+02 1 3.436290000000000E+01 
9.162308144938994E+01 4.527526920842678E+01 1 3.382470000000000E+01 
2.770871695997359E+02 3.737525022099824E+01 1 2.790090000000000E+01 
2.100745873445094E+02 1.778672674058028E+00 1 1.890650000000000E+01 
2.858310551921086E+02 1.334726894213065E+02 1 2.949090000000000E+01 
-9.115449962815395E+00 -2.877476180726837E+01 1 3.104260000000000E+01 
7.758246476173466E+01 1.502716237788557E+02 1 2.123610000000000E+01 
4.337307374197060E+01 1.965166570894354E+02 1 1.897090000000000E+01 
1.591483587168195E+02 2.899589863754394E+02 1 3.616100000000000E+01 
-4.449074428428688E+01 2.435547037234057E+02 1 2.906500000000000E+01 
4.404983735046899E+01 1.050296654703433E+02 1 3.074190000000000E+01 
3.006025859625386E+02 2.847873715453974E+02 1 3.038290000000000E+01 
1.523565685325844E+02 -4.176786106052444E+01 1 3.412870000000000E+01 
1.513824833359388E+02 4.665734979049638E+01 1 2.688600000000000E+01 
