# input file for alanine 2D (d4-d13)

# optimization
userfn       userfn_2D.py
bounds       -50 310; -50 310
num_tasks    2
kernel       stdp
initpts      2 30
iterpts      50
verbosity    2
kappa_prior  gamma
kappa_priorparam 2 0.014
thetaprior gamma
thetapriorparam 2 0.019; 3.3678 9.0204; 3.3678 9.0204

RESULTS:
1.926565907683374E+02 2.037587504736898E+02 0 -2.030048032677542E+05 
7.565597004738729E+01 2.367239691428166E+02 0 -2.029964685159116E+05 
2.450199137941228E+02 1.300633165062841E+02 1 3.385580000000000E+01 
2.932992262258599E+02 2.210215657896845E+02 1 2.606750000000000E+01 
2.801786069239780E+02 2.575538679404750E+02 1 3.319660000000000E+01 
1.853511661348939E+02 2.736327032652637E+02 1 3.589990000000000E+01 
-5.000000000000000E+01 8.990661435714624E+01 1 3.586530000000000E+01 
4.151133982662025E+01 -1.211953625902172E+01 1 2.737640000000000E+01 
8.923289694490721E+01 2.251810370024122E+01 1 3.229470000000000E+01 
1.926695618500587E+02 1.504699516108607E+02 1 2.509430000000000E+01 
2.323685572451340E+02 2.316231922366948E+02 1 3.414040000000000E+01 
7.564376724028196E+01 6.510343060090132E+01 1 3.339670000000000E+01 
2.134229841621132E+02 1.142212691763563E+02 1 3.439410000000000E+01 
1.030307158365003E+01 7.648084054875882E+01 1 3.545480000000000E+01 
1.347019208582439E+01 2.587363888394996E+02 1 3.289610000000000E+01 
2.015017222346084E+02 2.461088467466661E+02 1 3.448050000000000E+01 
2.153415923281162E+02 2.931126082818076E+02 1 3.557860000000000E+01 
1.878809094598860E+01 2.922786635984482E+02 1 3.449710000000000E+01 
1.984800657780846E+00 2.228488128701001E+02 1 2.604620000000000E+01 
2.082409823652383E+02 2.106312980977412E+02 1 2.797590000000000E+01 
2.619128322265000E+02 5.327941898118290E+00 1 1.974980000000000E+01 
1.553241627286023E+02 -1.438877170987668E+01 1 2.842660000000000E+01 
2.923551990128586E+02 1.169305620250523E+02 1 3.256310000000000E+01 
1.036487761480338E+01 -3.632617120435923E+01 1 3.353940000000000E+01 
1.078680709333429E+01 1.299568725594372E+02 1 2.802460000000000E+01 
1.477679486934421E+02 1.457654130428768E+02 1 2.395900000000000E+01 
8.199882766602281E+01 9.328024781326673E+01 1 3.291740000000000E+01 
2.817640493157242E+02 9.388186334116062E-01 1 1.883900000000000E+01 
1.445676710271287E+02 8.566388236651380E+01 1 3.218830000000000E+01 
-3.705055323002497E+01 1.377120594905095E+02 1 2.692280000000000E+01 
2.932416513087815E+02 -6.538766872361735E+00 1 1.877860000000000E+01 
2.710545441658729E+02 -1.154961815372613E+01 1 1.905330000000000E+01 
