# input file for alanine 2D (d4-d13)

# optimization
userfn       userfn_2D.py
bounds       -50 310; -50 310
num_tasks    2
kernel       stdp
initpts      2 30
iterpts      50
verbosity    2
kappa_prior  gamma
kappa_priorparam 2 0.014


RESULTS:
1.527033938826772E+02 -1.401103225723186E+00 0 -2.029974370612385E+05 
-5.000000000000000E+01 2.171249037804529E+01 0 -2.029971581820519E+05 
5.987635310710970E+01 2.853434987906409E+02 1 3.220170000000000E+01 
1.624525317686017E+02 2.820229668619423E+02 1 3.619700000000000E+01 
2.391205027341324E+02 6.107534573698985E+01 1 3.441950000000000E+01 
8.345009458553216E+01 3.685532665735800E+01 1 3.244360000000000E+01 
8.645373928815091E+01 1.868738738174772E+02 1 1.875830000000000E+01 
2.083624462197371E+02 7.798184642770931E+01 1 3.416860000000000E+01 
5.907146751987904E+01 1.801683056490427E+02 1 1.748250000000000E+01 
-5.000000000000000E+01 -4.827747478688103E+01 1 2.548410000000000E+01 
8.609509590041813E+01 7.390870878975031E+00 1 2.978910000000000E+01 
1.504207969335613E+02 2.518231970892703E+02 1 3.379050000000000E+01 
4.812742234415651E+01 -4.245056429998154E+01 1 3.023990000000000E+01 
3.303657401541037E+01 5.691607083067986E+01 1 3.195910000000000E+01 
2.241754333806405E+02 2.500124185740375E+02 1 3.696790000000000E+01 
1.514373770251859E+02 5.173707150966690E+01 1 2.774240000000000E+01 
1.590272946231200E+01 8.308665979883763E+01 1 3.485120000000000E+01 
1.605429151905303E+02 1.255041689916126E+02 1 2.770920000000000E+01 
2.202403360545965E+01 3.172586625420163E+01 1 3.048190000000000E+01 
2.451838126877383E+02 -7.978686519305706E+00 1 2.035150000000000E+01 
1.223031000772806E+02 1.864572024076922E+02 1 2.084560000000000E+01 
9.167110996616485E+01 2.864417589810133E+02 1 3.354130000000000E+01 
8.985787009429659E+01 9.685260860889271E+01 1 3.292320000000000E+01 
1.196863195261639E+02 2.784674476288036E+02 1 3.629150000000000E+01 
8.951955834598461E+00 -3.737666476958722E+01 1 3.347930000000000E+01 
1.975673657885665E+02 1.114193032578445E+02 1 3.249380000000000E+01 
1.211289311942928E+02 1.446547687349402E+02 1 2.449590000000000E+01 
2.492117344986850E+02 1.421085303537329E+02 1 3.124160000000000E+01 
6.145690213653724E+01 1.801815023448416E+02 1 1.748660000000000E+01 
2.269259999684889E+01 2.894749569985767E+02 1 3.442120000000000E+01 
2.026038823860930E+02 8.841744129203136E+00 1 1.853010000000000E+01 
1.861787952670997E+02 1.408158334586343E+01 1 1.857230000000000E+01 
