# input file for alanine 2D (d4-d13)

# optimization
userfn       userfn_2D.py
bounds       -50 310; -50 310
num_tasks    2
kernel       stdp
initpts      2 30
iterpts      50
verbosity    2
kappa_prior  gamma
kappa_priorparam 2 0.014
thetaprior gamma
thetapriorparam 2 0.019; 3.3678 9.0204; 3.3678 9.0204

RESULTS:
2.599454733341794E+01 2.696747681769031E+02 0 -2.029893753692545E+05 
1.504375911343726E+02 1.494842176916485E+01 0 -2.029993402826628E+05 
1.102671860534981E+01 9.742003097880874E+01 1 3.424190000000000E+01 
2.790267917789016E+02 1.035746659376968E+02 1 3.575970000000000E+01 
1.701437662749357E+02 1.092791285309866E+02 1 3.032500000000000E+01 
8.214645021361049E+01 1.085366450090840E+02 1 3.071320000000000E+01 
2.421534465069330E+02 2.633352269557053E+02 1 3.805900000000000E+01 
1.733892699523287E+02 2.655669840143265E+02 1 3.534600000000000E+01 
4.499457576951594E+01 2.934999234448705E+02 1 3.273630000000000E+01 
1.165365858886085E+02 2.276919504599509E+02 1 2.795000000000000E+01 
2.859769430833884E+02 -1.514713460813317E+01 1 1.876190000000000E+01 
2.542822192168254E+02 -1.084318666086506E+01 1 2.018350000000000E+01 
9.826786999354022E+01 1.416329490334821E+02 1 2.432950000000000E+01 
7.508036982172278E+01 -2.851256439544188E+01 1 2.712460000000000E+01 
1.052394846807428E+01 1.290968467192115E+02 1 2.824610000000000E+01 
2.650155832595686E+02 1.860887643978416E+02 1 2.514990000000000E+01 
1.517790558352216E+02 7.639544115391796E+01 1 3.117700000000000E+01 
2.177004294411811E+02 2.364816700954831E+02 1 3.429820000000000E+01 
2.171746156633479E+02 -1.276341840585394E+01 1 2.097690000000000E+01 
-4.685282731242371E+00 1.856267028856691E+02 1 2.065860000000000E+01 
1.385425268539530E+02 2.734106260524246E+02 1 3.666300000000000E+01 
-2.581943049243999E+01 -2.324688753381032E+01 1 2.673990000000000E+01 
6.154709439419600E+01 1.807667659844327E+02 1 1.748860000000000E+01 
2.046741722507650E+02 2.732678327595597E+02 1 3.697490000000000E+01 
2.741160679347405E+02 -1.392087463475717E+00 1 1.873000000000000E+01 
1.837653508957300E+01 2.758291238446971E+02 1 3.433400000000000E+01 
9.835617985426326E+01 1.805660480745126E+02 1 1.942850000000000E+01 
5.309800536408530E+01 1.379544364517069E+01 1 2.533370000000000E+01 
2.569583188684873E+02 7.678457537887330E+01 1 3.739000000000000E+01 
2.931217654034168E+02 2.298850156396694E+02 1 2.777630000000000E+01 
1.044016925177957E+02 -2.839457234852845E+01 1 3.210210000000000E+01 
-3.437722588369996E+01 3.172761630840171E+01 1 3.345590000000000E+01 
