# input file for alanine 2D (d4-d13)

# optimization
userfn       userfn_2D.py
bounds       -50 310; -50 310
num_tasks    2
kernel       stdp
initpts      2 30
iterpts      50
verbosity    2



RESULTS:
1.243801922590331E+02 2.615853741042137E+02 0 -2.029901787659280E+05 
-1.392657920054856E+00 -1.618070233637339E+01 0 -2.029906679478748E+05 
8.594577660235259E+01 1.705675759392565E+02 1 1.888720000000000E+01 
1.759618529296402E+02 3.100000000000000E+02 1 3.229350000000000E+01 
1.390421989606079E+02 2.681055783324206E+02 1 3.622630000000000E+01 
4.518065056319171E+01 -1.384240666116872E+01 1 2.686130000000000E+01 
1.493911342591380E+02 3.009529894325608E+02 1 3.618460000000000E+01 
-1.227640402175447E+01 2.463630070954789E+02 1 3.066320000000000E+01 
2.497491105119776E+02 1.771609229165878E+02 1 2.662810000000000E+01 
3.024287233023815E+01 -3.711869143812289E+01 1 3.228990000000000E+01 
2.651103323161947E+02 2.184919994801241E+02 1 2.929930000000000E+01 
2.030255265313860E+02 3.380210146815634E+01 1 2.286310000000000E+01 
2.794511512177376E+02 1.342526334816359E+02 1 2.998890000000000E+01 
-1.241091082854858E+01 2.845465145396960E+02 1 3.317210000000000E+01 
2.465335460535102E+02 2.592449136666453E+02 1 3.760200000000000E+01 
-2.194034533761349E+01 6.087925645075570E+01 1 3.702780000000000E+01 
2.264091444164439E+01 1.278854964221838E+02 1 2.762680000000000E+01 
1.595150207241464E+02 2.447114648403948E+02 1 3.226750000000000E+01 
7.353923280570135E+01 3.854362135111045E+01 1 3.105470000000000E+01 
1.461721205622517E+02 2.096729921209997E+02 1 2.425310000000000E+01 
3.100000000000000E+02 3.308025536044001E+01 1 3.036260000000000E+01 
5.589417928441564E+01 1.815717516466604E+02 1 1.751690000000000E+01 
6.280799551946197E+01 3.048686549957523E+02 1 3.066620000000000E+01 
5.789692107449311E+01 1.901297460598368E+02 1 1.787630000000000E+01 
2.782228398234434E+02 3.286334615642187E+01 1 2.652530000000000E+01 
7.706243126662100E+01 1.379834887413072E+02 1 2.389350000000000E+01 
2.204954380196377E+02 1.204964600984660E+02 1 3.434090000000000E+01 
8.460077140351619E+01 -2.797129467429707E+01 1 2.818120000000000E+01 
2.426849436797868E+00 -2.511703201016691E+01 1 3.327810000000000E+01 
1.820120222938443E+02 1.782103808636866E+02 1 2.148970000000000E+01 
1.238907318599314E+02 2.299301016871381E+02 1 2.881290000000000E+01 
2.217023792750257E+02 2.776972856439786E+02 1 3.781220000000000E+01 
