# input file for alanine 2D (d4-d13)

# optimization
userfn       userfn_2D.py
bounds       -50 310; -50 310
num_tasks    2
kernel       stdp
initpts      2 30
iterpts      50
verbosity    2
thetaprior gamma
thetapriorparam 2 0.019; 3.3678 9.0204; 3.3678 9.0204


RESULTS:
4.963490269006158E+01 7.024370762663116E+01 0 -2.029915533792361E+05 
4.161369199891474E+01 2.852769142579878E+02 0 -2.029899374306720E+05 
2.244869472240015E+02 4.523483713757297E+01 1 2.875660000000000E+01 
-1.697651916001206E+01 -3.407037918742468E+01 1 2.916150000000000E+01 
1.006467826951319E+00 1.490757956629555E+02 1 2.414690000000000E+01 
1.943916827353395E+02 -8.421345407785038E+00 1 1.988340000000000E+01 
5.661461254712626E+01 1.363225863617340E+00 1 2.463360000000000E+01 
8.405593981221179E+00 2.711135101917267E+02 1 3.416480000000000E+01 
3.406257175947844E+00 3.222216155555711E+01 1 3.409460000000000E+01 
8.884945755459081E+01 8.857065168389710E+01 1 3.371720000000000E+01 
-5.000000000000000E+01 3.403019989045825E+01 1 3.058680000000000E+01 
1.128493742733080E+02 1.710543819298493E+02 1 2.053330000000000E+01 
2.504381450005395E+02 -1.171969098037668E+01 1 2.053260000000000E+01 
-4.018711472081745E+01 1.530770691556803E+02 1 2.345350000000000E+01 
-1.998617908892589E+01 6.247780402689255E+00 1 3.275570000000000E+01 
-1.972112665434573E+01 2.907833340732447E+02 1 3.198260000000000E+01 
2.765294789013905E+02 2.881114965590476E+02 1 3.220490000000000E+01 
1.337372159640588E+02 2.192365055278918E+02 1 2.642820000000000E+01 
6.572099719965714E-01 8.288444343681574E+01 1 3.616370000000000E+01 
1.924620450036388E+02 4.531772076250373E+01 1 2.499460000000000E+01 
1.317363099811584E+02 9.756648576618220E+01 1 3.265140000000000E+01 
1.918892155640824E+02 2.712226283049043E+02 1 3.614560000000000E+01 
2.214988552106420E+02 1.064530172046298E+02 1 3.632680000000000E+01 
-3.172527540751872E+01 2.495573750718218E+02 1 3.024100000000000E+01 
2.213464828233975E+02 -3.499514494038149E+01 1 2.713490000000000E+01 
2.063745341231860E+02 7.685233585766410E+01 1 3.373370000000000E+01 
8.240826406233958E+01 -4.235570303468982E+01 1 2.956070000000000E+01 
2.093784666737746E+02 2.385033893799434E+02 1 3.390420000000000E+01 
2.481770084897692E+01 1.132680853260012E+02 1 3.061780000000000E+01 
1.507129016920102E+02 1.245672698453202E+02 1 2.803080000000000E+01 
6.071164968590411E+01 1.815152272276860E+02 1 1.749040000000000E+01 
8.623000135171506E+01 1.927062890964780E+02 1 1.918060000000000E+01 
