# input file for alanine 2D (d4-d13)

# optimization
userfn       userfn_2D.py
bounds       -50 310; -50 310
num_tasks    2
kernel       stdp
initpts      2 30
iterpts      50
verbosity    2
kappa_fixto  0 0
W_rank       2
W_prior      gaussian
W_priorparam 7.606 4.226


RESULTS:
5.349648018344973E+01 1.847694609352963E+02 0 -2.030094687828952E+05 
1.902066327111452E+02 2.804875032065469E+02 0 -2.029887496101264E+05 
2.782228398234434E+02 3.286334615642187E+01 1 2.652530000000000E+01 
2.651103323161947E+02 2.184919994801241E+02 1 2.929930000000000E+01 
8.776339247545259E+00 1.904635536027340E+02 1 2.053260000000000E+01 
1.550229227085967E+01 2.622965743959544E+02 1 3.329740000000000E+01 
-1.227640402175447E+01 2.463630070954789E+02 1 3.066320000000000E+01 
3.918778327742484E+01 2.249652954224455E+01 1 2.698790000000000E+01 
1.759618529296402E+02 3.100000000000000E+02 1 3.229350000000000E+01 
8.077262096745696E+01 8.045256500448513E+00 1 2.847850000000000E+01 
-5.000000000000000E+01 8.856245066263514E+01 1 3.595160000000000E+01 
1.402731965702062E+02 2.881103674606512E+01 1 2.735560000000000E+01 
1.002739764218707E+02 2.972701896691829E+02 1 3.389770000000000E+01 
1.708692140546012E+01 5.111182936692841E-01 1 3.228050000000000E+01 
2.636906309623196E+02 1.019163881215582E+02 1 3.725480000000000E+01 
2.275302762436762E+02 -4.515169828545956E+00 1 2.008990000000000E+01 
6.231489274405403E+01 1.815854950692164E+02 1 1.750110000000000E+01 
5.950865142762832E+01 1.800022362659122E+02 1 1.748180000000000E+01 
6.225102254615367E+01 1.782716418866564E+02 1 1.750640000000000E+01 
-1.241091082854858E+01 2.845465145396960E+02 1 3.317210000000000E+01 
2.429784591963703E+02 7.472149175584872E+01 1 3.720850000000000E+01 
-3.090394785632358E+01 3.098302968115150E+02 1 2.802180000000000E+01 
1.162899159098037E+02 -1.629696071309642E+01 1 3.459880000000000E+01 
3.100000000000000E+02 1.940298865939160E+02 1 2.096090000000000E+01 
1.927951993282207E+02 8.524886811488327E+01 1 3.272700000000000E+01 
2.934179790056507E+01 2.298101820576522E+02 1 2.644240000000000E+01 
2.836848172349372E+02 1.861957761624155E+02 1 2.266710000000000E+01 
1.978119999472438E+02 8.479107907578017E+00 1 1.833850000000000E+01 
-2.194034533761349E+01 6.087925645075570E+01 1 3.702780000000000E+01 
1.995640293651892E+02 2.234534464839022E+02 1 2.965040000000000E+01 
-2.273683500769848E+01 1.750041934875126E+02 1 2.072030000000000E+01 
1.309994312543731E+02 1.288761262743459E+02 1 2.774720000000000E+01 
