# input file for alanine 2D (d4-d13)

# optimization
userfn       userfn_2D.py
bounds       -50 310; -50 310
num_tasks    2
kernel       stdp
initpts      2 30
iterpts      50
verbosity    2
kappa_fixto  0 0
W_rank       2
W_prior      gaussian
W_priorparam 7.606 4.226


RESULTS:
3.972861941992768E+01 -1.743717268303142E+01 0 -2.029990494570480E+05 
1.786586475852225E+02 1.807729840420240E+02 0 -2.030079872050129E+05 
1.872766877308441E+02 2.629016760723634E+02 1 3.549570000000000E+01 
7.743480200736316E+01 2.756742241066627E+02 1 3.249510000000000E+01 
1.912697884859835E+02 3.038289512476980E+02 1 3.277800000000000E+01 
7.260789182198197E+01 1.185283709695655E+01 1 2.713380000000000E+01 
-1.074693999345801E+01 8.181177309130064E+01 1 3.683400000000000E+01 
-1.685562089209518E+01 1.362731349265849E+02 1 2.743330000000000E+01 
2.254426861304329E+02 1.586149128006508E+02 1 2.793890000000000E+01 
-4.442874017568121E+01 2.842665281508024E+02 1 3.045640000000000E+01 
3.402693896430810E+01 2.943778064935866E+02 1 3.361900000000000E+01 
7.916302640870981E+01 1.738496391894529E+02 1 1.825540000000000E+01 
-1.332621858625977E+00 3.030706188082293E+02 1 3.323240000000000E+01 
2.736869338797605E+02 2.637630483304026E+02 1 3.439310000000000E+01 
2.667108889082048E+02 3.044867222572574E+02 1 3.002810000000000E+01 
-3.916797675823383E+01 2.398323250867195E+02 1 2.850470000000000E+01 
2.223945328641402E+02 2.453722229132902E+02 1 3.620520000000000E+01 
-2.884642078279215E+01 3.100000000000000E+02 1 2.832280000000000E+01 
2.281762732202491E+00 1.893689945270946E+02 1 2.069580000000000E+01 
2.089491577353438E+02 1.229233655777868E+01 1 1.915720000000000E+01 
1.532052489873925E+02 1.040017167837722E+02 1 3.098400000000000E+01 
-1.454447004511633E+01 2.697746932937634E+02 1 3.304810000000000E+01 
2.783861215189396E+02 -8.375323024256543E+00 1 1.851050000000000E+01 
-3.577692531050371E+01 9.710361537955583E+01 1 3.545480000000000E+01 
1.996089525373799E+02 1.811538614144081E+02 1 2.346720000000000E+01 
2.057364754745780E+02 5.348488251315458E+01 1 2.873210000000000E+01 
2.250664560429743E+02 2.049075094791658E+02 1 2.862420000000000E+01 
4.593750128159819E+01 1.981960786660092E+02 1 1.905920000000000E+01 
1.035790304176667E+02 2.451861018939637E+02 1 3.100180000000000E+01 
1.263067742851625E+02 2.757126026414983E+02 1 3.654960000000000E+01 
2.446417219242102E+02 1.461790208585106E+01 1 2.151660000000000E+01 
5.503892644126602E+01 1.014619499140975E+02 1 3.098510000000000E+01 
