# input file for alanine 2D (d4-d13)

# optimization
userfn       userfn_2D.py
bounds       -50 310; -50 310
num_tasks    2
kernel       stdp
initpts      2 30
iterpts      50
verbosity    2
kappa_prior  gamma
kappa_priorparam 2 0.014
thetaprior gamma
thetapriorparam 2 0.019; 3.3678 9.0204; 3.3678 9.0204

RESULTS:
2.671831411238737E+02 2.711190352895979E+02 0 -2.029903546832843E+05 
2.851020228119610E+02 2.414040316290820E+02 0 -2.029945452739187E+05 
1.535141766716237E+01 1.853091090226296E+02 1 1.990110000000000E+01 
6.861668504208886E+01 2.294578292292983E+00 1 2.541550000000000E+01 
1.862238489594382E+02 3.458287870430119E+01 1 2.186820000000000E+01 
5.964807457872261E+01 2.124539838253834E+02 1 2.117950000000000E+01 
2.053853085541802E+02 2.156157238756860E+02 1 2.863550000000000E+01 
4.200902111745220E+01 -5.755609062852418E+00 1 2.657740000000000E+01 
8.426861760648335E+01 -3.504936554423029E+01 1 2.885490000000000E+01 
1.705021295872062E+02 1.925717618869182E+02 1 2.161460000000000E+01 
2.506101090168108E+02 2.802219807824365E+02 1 3.675200000000000E+01 
9.396785881315202E+01 7.573309977113277E+01 1 3.453730000000000E+01 
1.899193822113996E+02 8.126849145618344E+01 1 3.208580000000000E+01 
6.060758355177290E+01 1.802158781720735E+02 1 1.748270000000000E+01 
3.019262035553415E+02 1.363961609588777E+02 1 2.759620000000000E+01 
2.940777174213148E+02 7.134643370443902E+01 1 3.550400000000000E+01 
1.174187701586873E+02 2.380412149782230E+02 1 3.044390000000000E+01 
-3.282937667933152E+01 3.068383135172318E+02 1 2.821310000000000E+01 
4.005145009352189E+01 2.663832737640475E+02 1 3.245660000000000E+01 
2.814085100442990E+02 2.550815594733163E+02 1 3.284640000000000E+01 
-4.381092575937697E+01 1.825685733246522E+02 1 2.035150000000000E+01 
1.604594929382714E+02 5.419282709280064E+01 1 2.717080000000000E+01 
5.890100175104725E+01 1.808307353667270E+02 1 1.748480000000000E+01 
2.855655211073382E+02 2.209646299604316E+02 1 2.692780000000000E+01 
6.197800538597890E+01 1.843361818603269E+02 1 1.755880000000000E+01 
2.567851404663631E+02 2.404744791713468E+02 1 3.445440000000000E+01 
2.506801744972625E+01 2.915825015806745E+02 1 3.428440000000000E+01 
6.931032732985959E+01 1.670258344699961E+02 1 1.830970000000000E+01 
3.087812492415238E+02 2.608267338382457E+02 1 3.098830000000000E+01 
-2.388816322163160E+01 2.443189968002945E+02 1 2.979810000000000E+01 
3.100000000000000E+02 1.638419044863391E+01 1 2.599510000000000E+01 
1.577270875405041E+02 1.620877146955852E+02 1 2.140220000000000E+01 
