# input file for alanine 2D (d4-d13)

# optimization
userfn       userfn_2D.py
bounds       -50 310; -50 310
num_tasks    2
kernel       stdp
initpts      2 30
iterpts      50
verbosity    2
kappa_prior  gamma
kappa_priorparam 1 71.428
W_prior      gaussian
W_priorparam 0 8.451
thetaprior gamma
thetapriorparam 2 0.019; 3.3678 9.0204; 3.3678 9.0204

RESULTS:
3.100000000000000E+02 1.554873553421428E+02 0 -2.030056074841771E+05 
2.325194726989012E+02 1.975281032738403E+02 0 -2.030049629693533E+05 
2.475122598947291E+02 -9.770752086655317E+00 1 2.044530000000000E+01 
1.617482626521567E+02 -3.365509699756145E+01 1 3.105220000000000E+01 
1.925834440930901E+02 7.961642017824336E+00 1 1.827460000000000E+01 
-5.196977902610658E+00 5.167459276253224E+01 1 3.599230000000000E+01 
-4.442874017568121E+01 2.842665281508024E+02 1 3.045640000000000E+01 
1.953847741433252E+02 4.728570835481434E-01 1 1.858950000000000E+01 
7.916302640870981E+01 1.738496391894529E+02 1 1.825540000000000E+01 
1.749889492178378E+02 1.227024142224827E+02 1 2.856670000000000E+01 
1.520131799537658E+02 4.065843477605917E+01 1 2.581740000000000E+01 
2.823307070390622E+02 4.088050060471388E+01 1 2.910490000000000E+01 
2.566631503851495E+01 1.069924650109901E+01 1 2.926560000000000E+01 
2.248655548838125E+02 -4.028107469882207E+01 1 2.880610000000000E+01 
2.085984530144428E+02 1.221462553616876E+02 1 3.249290000000000E+01 
4.834858112054460E+01 -2.351577224498052E+01 1 2.760590000000000E+01 
3.100000000000000E+02 2.015726424244407E+02 1 2.175710000000000E+01 
1.996089525373799E+02 1.811538614144081E+02 1 2.346720000000000E+01 
7.743480200736316E+01 2.756742241066627E+02 1 3.249510000000000E+01 
2.057364754745780E+02 5.348488251315458E+01 1 2.873210000000000E+01 
-7.718296604278343E+00 -2.561510284108658E+01 1 3.150940000000000E+01 
3.291965005865673E+01 1.309518399604421E+02 1 2.611350000000000E+01 
5.111562604182135E+01 4.713624573842985E+01 1 3.007520000000000E+01 
1.010004536071799E+02 1.287366833857974E+02 1 2.742540000000000E+01 
1.172567002577935E+02 -4.380859419714703E+01 1 3.483130000000000E+01 
6.078044048370280E+01 1.794273418337544E+02 1 1.748530000000000E+01 
8.165095950363529E+01 -4.883555120933710E+01 1 3.035040000000000E+01 
2.270820684194844E+02 7.159207056972640E+01 1 3.566290000000000E+01 
-3.870457859508952E+01 -1.046905056909145E+01 1 2.373460000000000E+01 
-5.666653275261059E+00 2.281233367837391E+02 1 2.720220000000000E+01 
2.446417219242102E+02 1.461790208585106E+01 1 2.151660000000000E+01 
-1.332621858625977E+00 3.030706188082293E+02 1 3.323240000000000E+01 
