# input file for alanine 2D (d4-d13)

# optimization
userfn       userfn_4D.py
bounds       -50 310; -50 70; -50 310; -50 310
kernel       stdp
data_sources 2
initpts 2 15
iterpts      100
verbosity    2


RESULTS:
-5.000000000000000E+01 -5.000000000000000E+01 -5.000000000000000E+01 -5.000000000000000E+01 0 -8.802466732826000E+03
1.300000000000000E+02 1.000000000000000E+01 1.300000000000000E+02 1.300000000000000E+02 0 -8.802391830756000E+03
-5.000000000000000E+01 -5.000000000000000E+01 -5.000000000000000E+01 -5.000000000000000E+01 1 3.416900000000000E+01
1.300000000000000E+02 1.000000000000000E+01 1.300000000000000E+02 1.300000000000000E+02 1 3.298980000000000E+01
1.311274167667436E+02 -9.269824116603850E+00 1.346494725087673E+02 1.361503674073360E+02 1 3.143360000000000E+01
1.326741115645440E+02 -2.359120368280697E+01 1.453391485901209E+02 1.504418832256138E+02 1 2.663870000000000E+01
1.331245091185885E+02 -3.422834459621473E+01 1.586469446027791E+02 1.705659478286683E+02 1 2.210240000000000E+01
1.693233129131279E+02 -3.520928949618437E+01 1.852705622089383E+02 1.779671728388226E+02 1 1.875940000000000E+01
1.371178138219855E+02 -3.534459872388189E+01 2.244771650086060E+02 1.836312823215624E+02 1 2.027310000000000E+01
1.609304738168254E+02 -3.409310677655753E+01 1.880793743992144E+02 2.317722891975455E+02 1 2.594020000000000E+01
1.683175868163568E+02 6.457653414625369E+01 2.101491372077611E+02 1.593211283689972E+02 1 1.981360000000000E+01
2.161982091940185E+02 -3.303365008348466E+01 2.363155249315325E+02 1.633462619737156E+02 1 2.634160000000000E+01
1.971305094507076E+02 -5.000000000000000E+01 1.385301128814093E+02 1.740916182939347E+02 1 2.030610000000000E+01
1.494155865635368E+02 6.540946314654239E+01 3.100000000000000E+02 1.789764807344294E+02 1 2.301600000000000E+01
1.715427457260477E+02 4.304656765643939E+01 1.810591875684370E+02 1.927565946282082E+02 1 1.861370000000000E+01
1.760632337053742E+02 4.446123005156901E+01 7.821298973410589E+01 2.037754492392638E+02 1 2.434950000000000E+01
1.130763609650290E+02 3.889695373783371E+01 2.244653105960514E+02 1.925020956269759E+02 1 2.083050000000000E+01
