# input file for alanine 2D (d4-d13)

# optimization
userfn       userfn_2D.py
bounds       -50 310; -50 310
num_tasks    2
kernel       stdp
initpts      2 30
iterpts      50
verbosity    2



RESULTS:
2.645220561137180E+02 8.116394517981209E+01 0 -2.029888580602442E+05 
2.199091908541087E+02 -3.591151013944994E+00 0 -2.030113833158323E+05 
2.770871695997359E+02 3.737525022099824E+01 1 2.790090000000000E+01 
-2.249027576878768E+01 1.331128001358825E+02 1 2.819620000000000E+01 
3.601685393441989E+01 1.759659193551750E+02 1 1.845020000000000E+01 
1.724419331550263E+02 8.918428404608201E+01 1 3.136340000000000E+01 
3.167766633520231E+01 5.569736626612956E+01 1 3.193380000000000E+01 
-4.732409724376439E+01 2.104289141527013E+02 1 2.300950000000000E+01 
7.545525845297756E+01 -3.615137628935580E+01 1 2.814780000000000E+01 
1.103644981686237E+02 6.835411139655611E+01 1 3.440620000000000E+01 
1.369460125200366E+02 1.069303987302815E+02 1 3.140370000000000E+01 
2.526078775714588E+02 1.217868057374395E+02 1 3.518640000000000E+01 
1.523565685325844E+02 -4.176786106052444E+01 1 3.412870000000000E+01 
-8.923246530973254E+00 2.109830088590537E+02 1 2.363080000000000E+01 
2.462581557126979E+02 2.028276490266991E+02 1 2.849920000000000E+01 
1.956419799036025E+02 5.108395153222731E+00 1 1.831580000000000E+01 
-4.449074428428688E+01 2.435547037234057E+02 1 2.906500000000000E+01 
1.181797075695610E+02 1.348757739267550E+02 1 2.654360000000000E+01 
-2.207918966142572E+01 9.860759770633543E+01 1 3.545420000000000E+01 
2.366723049406514E+02 9.691777150147246E+01 1 3.819130000000000E+01 
7.429787082717043E+01 1.822848663455767E+02 1 1.785960000000000E+01 
1.369166871970082E+02 2.168564208533708E+02 1 2.588460000000000E+01 
4.337307374197060E+01 1.965166570894354E+02 1 1.897090000000000E+01 
2.043586668895757E+02 9.419711009013369E+00 1 1.864660000000000E+01 
1.875483668901268E+02 2.603155793859120E+02 1 3.527720000000000E+01 
-9.115449962815395E+00 -2.877476180726837E+01 1 3.104260000000000E+01 
2.376530097809799E+02 -3.192651089239942E+01 1 2.595150000000000E+01 
1.731292848689536E+02 1.531398276034124E+02 1 2.293460000000000E+01 
3.527764666911076E+01 3.100000000000000E+02 1 3.261170000000000E+01 
5.761219356702959E+01 1.782844212318154E+02 1 1.750350000000000E+01 
1.947450592618859E+02 4.159993497482084E+01 1 2.417780000000000E+01 
7.632038215786481E+01 2.814612024383656E+02 1 3.247950000000000E+01 
