# input file for alanine 2D (d4-d13)

# optimization
userfn       userfn_2D.py
bounds       -50 310; -50 310
num_tasks    2
kernel       stdp
initpts      2 30
iterpts      50
verbosity    2
W_prior      gaussian
W_priorparam 10.757 4.226


RESULTS:
3.100000000000000E+02 2.542675274083222E+02 0 -2.029928034387225E+05 
2.373099104293811E+02 2.852066024968680E+02 0 -2.029901839446907E+05 
2.741160679347405E+02 -1.392087463475717E+00 1 1.873000000000000E+01 
1.052394846807428E+01 1.290968467192115E+02 1 2.824610000000000E+01 
9.835617985426326E+01 1.805660480745126E+02 1 1.942850000000000E+01 
2.018008998438317E+02 6.364271508068878E+01 1 3.072070000000000E+01 
1.385425268539530E+02 2.734106260524246E+02 1 3.666300000000000E+01 
5.870406183656874E+01 8.179022322076321E+01 1 3.264320000000000E+01 
2.379978045727341E+02 4.614280105360753E+01 1 3.019970000000000E+01 
2.410568878335826E+01 5.440639910550984E+01 1 3.256650000000000E+01 
3.025508760175683E+02 2.640613463440993E+02 1 3.131360000000000E+01 
8.320533387154148E+01 2.021157584103157E+00 1 2.834910000000000E+01 
2.712856804882180E+02 3.744956627256320E+01 1 2.786330000000000E+01 
1.517790558352216E+02 7.639544115391796E+01 1 3.117700000000000E+01 
1.600660930472084E+02 1.602676065819262E+02 1 2.161510000000000E+01 
2.211740898433943E+02 2.994911437356775E+02 1 3.443800000000000E+01 
3.096835003753735E+02 1.749652376335720E+02 1 2.070740000000000E+01 
7.875494476571232E+01 2.975938587653302E+02 1 3.172220000000000E+01 
1.165365858886085E+02 2.276919504599509E+02 1 2.795000000000000E+01 
5.943702833479887E+01 1.800178471848749E+02 1 1.748180000000000E+01 
1.286861430063938E+02 1.603942857421708E+02 1 2.188590000000000E+01 
2.542822192168254E+02 -1.084318666086506E+01 1 2.018350000000000E+01 
1.714408809262195E+02 -9.922498667774537E+00 1 2.298960000000000E+01 
1.930105497970040E+02 7.539686838011354E+00 1 1.827350000000000E+01 
1.102671860534981E+01 9.742003097880874E+01 1 3.424190000000000E+01 
-1.446624388458769E+01 6.249956011029189E+01 1 3.700140000000000E+01 
3.373056281937128E+01 1.786957298324868E+02 1 1.854620000000000E+01 
1.391900272907839E+02 2.978213281814829E+01 1 2.766470000000000E+01 
6.154709439419600E+01 1.807667659844327E+02 1 1.748860000000000E+01 
-2.581943049243999E+01 -2.324688753381032E+01 1 2.673990000000000E+01 
4.173414660896490E+01 2.521890389220300E+02 1 3.040470000000000E+01 
1.333303175214321E+02 9.541241458473220E+01 1 3.271600000000000E+01 
