# input file for alanine 2D (d4-d13)

# optimization
userfn       userfn_2D.py
bounds       -50 310; -50 310
num_tasks    2
kernel       stdp
initpts      2 30
iterpts      50
verbosity    2
thetaprior gamma
thetapriorparam 2 0.019; 3.3678 9.0204; 3.3678 9.0204


RESULTS:
4.008370587208022E+01 3.713016379406024E+01 0 -2.029987256873879E+05 
2.479121127537171E+02 -1.649310242684635E+00 0 -2.030122737015035E+05 
1.106456692218007E+02 3.467581216436932E+01 1 3.361120000000000E+01 
-1.454447004511633E+01 2.697746932937634E+02 1 3.304810000000000E+01 
1.630765880890893E+02 1.860736664108419E+02 1 2.085750000000000E+01 
2.281762732202491E+00 1.893689945270946E+02 1 2.069580000000000E+01 
5.722299920619314E+01 1.806342699505050E+02 1 1.749440000000000E+01 
3.291965005865673E+01 1.309518399604421E+02 1 2.611350000000000E+01 
2.946079296545209E+02 1.789226686256815E+02 1 2.145770000000000E+01 
4.834858112054460E+01 -2.351577224498052E+01 1 2.760590000000000E+01 
-5.000000000000000E+01 1.402801329842415E+02 1 2.638610000000000E+01 
5.111562604182135E+01 4.713624573842985E+01 1 3.007520000000000E+01 
2.446417219242102E+02 1.461790208585106E+01 1 2.151660000000000E+01 
2.248655548838125E+02 -4.028107469882207E+01 1 2.880610000000000E+01 
2.667108889082048E+02 3.044867222572574E+02 1 3.002810000000000E+01 
1.996089525373799E+02 1.811538614144081E+02 1 2.346720000000000E+01 
8.904511546259374E+01 -1.884069850014507E+01 1 2.856710000000000E+01 
1.220084419810257E+02 8.404076847833919E+01 1 3.386400000000000E+01 
-4.798054782732608E+01 5.642008183651073E+01 1 3.489570000000000E+01 
2.710089184563844E+02 1.657643820611855E+02 1 2.517490000000000E+01 
1.010004536071799E+02 1.287366833857974E+02 1 2.742540000000000E+01 
5.503892644126602E+01 1.014619499140975E+02 1 3.098510000000000E+01 
2.270820684194844E+02 7.159207056972640E+01 1 3.566290000000000E+01 
7.260789182198197E+01 1.185283709695655E+01 1 2.713380000000000E+01 
2.254426861304329E+02 1.586149128006508E+02 1 2.793890000000000E+01 
-1.332621858625977E+00 3.030706188082293E+02 1 3.323240000000000E+01 
2.722138246617927E+02 -4.683481426229452E+00 1 1.870460000000000E+01 
1.172567002577935E+02 -4.380859419714703E+01 1 3.483130000000000E+01 
7.916302640870981E+01 1.738496391894529E+02 1 1.825540000000000E+01 
2.089491577353438E+02 1.229233655777868E+01 1 1.915720000000000E+01 
-3.916797675823383E+01 2.398323250867195E+02 1 2.850470000000000E+01 
1.617482626521567E+02 -3.365509699756145E+01 1 3.105220000000000E+01 
