# input file for alanine 4D

# optimization
userfn       userfn_4D.py
bounds       -50 310; -50 70; -50 310; -50 310
kernel       stdp
data_sources 2
initpts 2 25
iterpts      100
verbosity    2


RESULTS:
-5.000000000000000E+01 -5.000000000000000E+01 -5.000000000000000E+01 -5.000000000000000E+01 0 3.416900000000000E+01
1.300000000000000E+02 1.000000000000000E+01 1.300000000000000E+02 1.300000000000000E+02 0 3.298980000000000E+01
-5.000000000000000E+01 -5.000000000000000E+01 -5.000000000000000E+01 -5.000000000000000E+01 1 -8.802466732826000E+03
1.300000000000000E+02 1.000000000000000E+01 1.300000000000000E+02 1.300000000000000E+02 1 -8.802391830756000E+03
3.078958079356198E+02 -1.440166822106385E+01 -2.729273814129908E+01 2.148718113365521E+01 1 -8.802634826079000E+03
-5.948364909367658E+00 -1.612381630688262E+01 2.887797590081158E+02 5.997648479951751E+01 1 -8.802229746330000E+03
5.945904231579529E+01 2.472685403189485E+00 -1.300601246740191E+01 4.612177194755883E+00 1 -8.802711906263001E+03
1.143232827914293E+02 1.108995375891651E+00 3.100000000000000E+02 1.495310402061698E+00 1 -8.802287956454000E+03
5.718822603331837E+00 -1.096734464628037E+00 7.576761498240363E-01 -3.416369975334829E+00 1 -8.802618280408000E+03
1.587729454066950E+01 -1.497650715533751E+01 6.851283734667089E+01 2.645490756440130E+02 1 -8.802152929676000E+03
2.768720915610861E+02 3.833137116874275E+00 -2.260519084243688E+00 2.150154423061755E+01 1 -8.802827940196999E+03
3.040978678106708E+02 1.820672722158246E+01 -3.127684275752414E+01 8.240961955667906E+00 1 -8.802695107289999E+03
2.428733378609119E+02 -1.600428944876619E+01 1.594339813146873E+01 1.325220911047024E+01 1 -8.802867085828000E+03
2.529150208875868E+02 -4.826131919583050E+00 1.229463648885864E+00 3.100000000000000E+02 1 -8.802319296586000E+03
-5.000000000000000E+01 -1.285469926579029E+01 4.923971305626137E+01 2.813692021739123E+01 1 -8.802530640183000E+03
2.278999807828314E+02 -7.821549468907550E+00 -1.215420591977710E+00 5.058194078982857E+01 1 -8.802497889761000E+03
3.137277262356636E+01 3.052670305564804E+01 3.100000000000000E+02 5.546670819318263E+00 1 -8.802683555129001E+03
2.348167141124344E+02 1.051023992399279E+01 4.094454769887690E+01 7.071316124030893E+00 1 -8.803048921497000E+03
2.310478277181528E+02 -5.000000000000000E+01 5.107082771821089E+01 5.990668599398040E+00 1 -8.803232620923000E+03
2.409648179542301E+02 4.604310687237933E+01 2.253200213565411E+01 1.133729755802958E+01 1 -8.803062386227000E+03
2.176014211019487E+02 4.710787276047783E+01 9.524996605138534E+01 3.071241697939931E+00 1 -8.803085491123000E+03
1.711775967150313E+02 6.322371709488015E+01 4.792811763243795E+01 8.721001806025843E+00 1 -8.802810591646999E+03
2.533581881802547E+02 -4.246575704073484E+01 1.274230464215151E+02 3.141922627810382E+00 1 -8.802709039834999E+03
2.297889076179312E+02 5.861397316285910E+01 7.407576757724807E+01 3.813046804154335E+01 1 -8.802756153356000E+03
2.156697142925294E+02 -5.000000000000000E+01 6.195355737081642E+01 -2.454086908606014E+01 1 -8.802959548895000E+03
2.207531057482545E+02 6.667989247191198E+01 -4.930695232024846E+01 -4.221775626674899E-01 1 -8.802609879145000E+03
1.999034159941624E+02 -1.390212445301245E+01 8.806592784010864E+01 -7.444902354189140E-01 1 -8.803075303329000E+03
