# input file for alanine 2D (d4-d13)

# optimization
userfn       userfn_4D.py
bounds       -50 310; -50 70; -50 310; -50 310
kernel       stdp
data_sources 2
initpts      2 2
iterpts      100
verbosity    2


RESULTS:
-5.000000000000000E+01 -5.000000000000000E+01 -5.000000000000000E+01 -5.000000000000000E+01 0 -8.802466732826000E+03
1.300000000000000E+02 1.000000000000000E+01 1.300000000000000E+02 1.300000000000000E+02 0 -8.802391830756000E+03
-5.000000000000000E+01 -5.000000000000000E+01 -5.000000000000000E+01 -5.000000000000000E+01 1 3.416900000000000E+01
1.300000000000000E+02 1.000000000000000E+01 1.300000000000000E+02 1.300000000000000E+02 1 3.298980000000000E+01
1.311274167667436E+02 -9.269824116603850E+00 1.346494725087673E+02 1.361503674073360E+02 1 3.143360000000000E+01
1.326741115645440E+02 -2.359120368280697E+01 1.453391485901209E+02 1.504418832256138E+02 1 2.663870000000000E+01
1.331245091185885E+02 -3.422834459621473E+01 1.586469446027791E+02 1.705659478286683E+02 1 2.210240000000000E+01
1.693233129131279E+02 -3.520928949618437E+01 1.852705622089383E+02 1.779671728388226E+02 1 1.875940000000000E+01
1.371178138219855E+02 -3.534459872388189E+01 2.244771650086060E+02 1.836312823215624E+02 1 2.027310000000000E+01
1.609304738168254E+02 -3.409310677655753E+01 1.880793743992144E+02 2.317722891975455E+02 1 2.594020000000000E+01
1.683175868163568E+02 6.457653414625369E+01 2.101491372077611E+02 1.593211283689972E+02 1 1.981360000000000E+01
2.161982091940185E+02 -3.303365008348466E+01 2.363155249315325E+02 1.633462619737156E+02 1 2.634160000000000E+01
1.971305094507076E+02 -5.000000000000000E+01 1.385301128814093E+02 1.740916182939347E+02 1 2.030610000000000E+01
1.494155865635368E+02 6.540946314654239E+01 3.100000000000000E+02 1.789764807344294E+02 1 2.301600000000000E+01
1.715427457260477E+02 4.304656765643939E+01 1.810591875684370E+02 1.927565946282082E+02 1 1.861370000000000E+01
1.760632337053742E+02 4.446123005156901E+01 7.821298973410589E+01 2.037754492392638E+02 1 2.434950000000000E+01
1.130763609650290E+02 3.889695373783371E+01 2.244653105960514E+02 1.925020956269759E+02 1 2.083050000000000E+01
2.496154559852881E+02 3.732291343927746E+01 1.680395326461546E+02 1.970046735954241E+02 1 2.455670000000000E+01
4.363538466365577E+01 6.668509576424580E+01 2.146980652681671E+02 1.807232070368753E+02 1 1.626580000000000E+01
4.651427426712933E+01 6.148255037472322E+01 2.665786722492172E+02 1.530937785844532E+02 1 2.081380000000000E+01
1.170752715186806E+01 3.737762739802309E+01 2.171553936078819E+02 1.936604839220298E+02 1 2.085770000000000E+01
1.091769381990119E+01 7.000000000000000E+01 1.752920663143923E+02 1.543641177634438E+02 1 2.234460000000000E+01
4.519819510366462E+01 -2.867095231865789E+01 2.470049395357204E+02 2.043775399737484E+02 1 2.086530000000000E+01
5.596437819102199E+01 6.056963086366677E+01 1.710527563800701E+02 2.118127562120266E+02 1 1.958240000000000E+01
4.256373122914490E+01 6.478520701623634E+01 2.587816364635090E+01 1.916630143827785E+02 1 1.791670000000000E+01
5.661579561210713E+01 4.921856085384689E+01 -4.191737890826576E+01 2.122294686110757E+02 1 2.272110000000000E+01
2.139258574767722E+01 -3.020238516031777E+01 8.158675619916458E+01 2.029268862306602E+02 1 2.303440000000000E+01
7.549492519386108E+00 4.445008477066506E+01 2.042220480869671E+01 1.583121727817843E+02 1 2.327680000000000E+01
7.660272229751519E+01 -3.386355934438219E+01 1.076902381552505E+01 1.683698424495060E+02 1 1.985180000000000E+01
8.676623511974506E+01 -4.845686340670959E+01 4.074835629714738E+01 2.235951559424927E+02 1 2.519560000000000E+01
6.004518693424741E+01 5.438479272170913E+01 1.118105039768402E+02 1.740736858386087E+02 1 1.654880000000000E+01
5.684825009388735E+01 1.110025715815578E+01 1.796541913265370E+02 1.789912968044558E+02 1 1.920090000000000E+01
1.892339188037479E+02 3.927074029844722E+01 1.767666852549262E+02 1.863101679350745E+01 1 2.984900000000000E+01
3.484291884569138E+01 -1.862008269317717E+01 2.042788127416332E+01 4.497981315964790E+01 1 3.449070000000000E+01
8.140468647154799E+01 1.655951444891015E+01 1.625508517567816E+02 3.085584749404264E+02 1 3.285960000000000E+01
2.697264426687229E+02 4.421838393773639E+01 5.644955539440102E+01 7.924204510126820E+01 1 3.730350000000000E+01
1.970468641736975E+02 -2.365585806277708E+00 1.124146648666673E+01 -4.355620242749856E+01 1 3.634140000000000E+01
1.811407175833095E+02 8.445224297285183E+00 2.198332058141370E+02 1.904169421248158E+02 1 2.254340000000000E+01
5.818826310295826E+01 2.405880141204118E+01 4.588353456632615E+01 1.847921365448153E+02 1 1.988800000000000E+01
5.963197960437761E+01 4.620679023483821E+01 1.861624497517040E+02 1.688855714729215E+02 1 1.691230000000000E+01
1.111920113937830E+02 6.561910867112221E+01 2.556498499014947E+02 2.821526794011885E+01 1 3.140580000000000E+01
6.776160113237751E+01 7.000000000000000E+01 1.801456415755920E+02 1.726946611608342E+02 1 1.657540000000000E+01
4.964478720186319E+01 -5.000000000000000E+01 6.334988622264557E+01 1.585931503111236E+02 1 1.954220000000000E+01
-2.651477854813273E+01 2.133738232465879E+01 1.880568137795881E+02 8.346541209680723E+00 1 3.330680000000000E+01
1.967783939329294E+02 6.296898521166828E+01 2.171289288729901E+02 2.025418784206246E+02 1 2.199230000000000E+01
3.202602271577750E+01 -7.836601538410723E+00 -4.168544463787615E+01 1.731866738553256E+02 1 2.786130000000000E+01
8.329020491138293E+01 5.156553195008615E+01 1.621587223646075E+01 1.690231554902066E+02 1 1.933950000000000E+01
-3.889423916863562E+01 5.146491915896446E+01 8.418226995893541E+01 2.033766908179855E+02 1 2.079260000000000E+01
3.100000000000000E+02 1.456745021702848E+01 1.284367022803007E+02 2.518943730320227E+02 1 3.316200000000000E+01
2.012988346096195E+01 4.135384686679468E+01 1.159399937572471E+02 1.877248029065059E+02 1 2.071120000000000E+01
3.087197195030186E+02 6.594957026651561E+01 3.053744221634113E+02 1.900938463674737E+02 1 2.116850000000000E+01
3.043836620876413E+02 -4.147272105514012E+01 1.665954045432067E+02 1.859798508187211E+02 1 1.952250000000000E+01
2.900457886398337E+02 7.000000000000000E+01 5.833362362517175E+01 1.704302952497359E+02 1 2.261640000000000E+01
-5.000000000000000E+01 4.450130376035344E+01 2.059053182278820E+02 1.643062549198756E+02 1 2.093080000000000E+01
3.054278861171858E+02 4.300393239683887E+00 1.242960608893873E+02 1.765102230448164E+02 1 2.233280000000000E+01
2.813581297068391E+02 -2.819719481143183E+01 4.243720082651719E+01 2.135802468668039E+02 1 2.841310000000000E+01
7.399299892099977E+01 -5.000000000000000E+01 2.510212223271763E+02 1.861478752257950E+02 1 1.738880000000000E+01
7.694635713852411E+01 3.376760185971092E+01 1.424923681172826E+02 1.903353122640559E+02 1 1.906330000000000E+01
6.482649599787898E+01 -3.064123957336052E+01 1.273921510422441E+02 1.880254852858956E+02 1 1.824910000000000E+01
-2.087678149265366E+01 6.714563852740010E+01 2.167829985906245E+02 2.067645035898332E+02 1 2.279770000000000E+01
6.928050585883845E+01 6.655913522732290E+01 6.955924287931312E+01 1.846650231665078E+02 1 1.755920000000000E+01
-5.000000000000000E+01 3.195603347938357E+01 6.707347584154087E-01 1.869509499384936E+02 1 2.226470000000000E+01
1.793785615875706E+02 -3.740814762373590E+01 -5.000000000000000E+01 7.011416862725514E+01 1 3.880790000000000E+01
3.892572062349355E+01 -5.000000000000000E+01 3.484226300140685E+01 3.100000000000000E+02 1 3.058300000000000E+01
1.540416203959919E+02 5.411342710022780E+01 2.302533849093785E+02 3.100000000000000E+02 1 3.204480000000000E+01
2.978990811795273E+02 -2.373208582238436E+01 1.836265797665170E+02 1.351946645808394E+02 1 2.827190000000000E+01
8.361711783518238E+01 -9.992573291910462E+00 2.161369927244001E+02 1.929740260915204E+02 1 2.099050000000000E+01
5.292392697913380E+01 4.716575689171793E+01 1.647782122406801E+02 7.156626418695443E+01 1 3.145810000000000E+01
4.892336731232380E+01 6.497117544984538E+01 1.564776360466585E+02 1.827559227829326E+02 1 1.631470000000000E+01
-4.885665087976997E+01 5.467092284064089E+01 1.299847199168137E+02 1.719847965397867E+02 1 1.833400000000000E+01
6.012745248841453E+01 5.470698075078867E+01 2.113716903952363E+02 1.862443176070381E+02 1 1.611360000000000E+01
-2.594548041402909E+01 -5.000000000000000E+01 1.995805845688876E+01 1.845047278192504E+02 1 2.177510000000000E+01
5.544779243458522E+01 -3.523902979514482E+01 1.997050941992622E+02 1.797892819463149E+02 1 1.689160000000000E+01
2.515426085982244E+02 7.000000000000000E+01 1.505614314667246E+02 -1.437818643527071E+01 1 3.094750000000000E+01
6.096564741867435E+01 -4.926937136258835E+01 1.978940256102998E+02 1.888524365426096E+02 1 1.633710000000000E+01
6.158128997311328E+01 -5.000000000000000E+01 -1.746122193543332E+01 1.798346816689671E+02 1 1.809610000000000E+01
6.102943155555415E+01 3.723874847573976E+01 2.397791954993825E+02 1.779202286901318E+02 1 1.789750000000000E+01
1.209093154724129E+02 5.747129009774356E+01 8.163496009326407E+01 -4.757416443218907E-01 1 2.934650000000000E+01
5.980218493973850E+01 6.261759955089610E+01 2.146198547779360E+02 1.759259664809878E+02 1 1.591730000000000E+01
5.242904667400044E+01 5.880452497341667E+01 1.917437579156959E+02 1.796381728016675E+02 1 1.589990000000000E+01
5.673425073017309E+01 -5.000000000000000E+01 2.194869971846579E+02 1.806246800229136E+02 1 1.602690000000000E+01
6.274469148958650E+01 5.839907936399740E+01 1.656547764751879E+02 1.812045045783702E+02 1 1.608550000000000E+01
5.731542690207394E+01 6.283530307120642E+01 1.998940060885439E+02 1.805642801270960E+02 1 1.580400000000000E+01
5.351027171679619E+01 5.927234763071551E+01 2.316065480395965E+02 1.819729185919818E+02 1 1.621530000000000E+01
2.881097003620113E+02 5.543040846920444E+01 1.302185047262913E+02 1.852016609465184E+02 1 1.855600000000000E+01
5.486700195631470E+01 5.873782361611698E+01 1.093776753301153E+02 1.871390256665775E+02 1 1.664230000000000E+01
5.523676335428228E+01 6.137023637690615E+01 2.070915851230673E+02 1.797278159699740E+02 1 1.580080000000000E+01
5.484952773050347E+01 -5.000000000000000E+01 1.996669428434962E+02 1.787580473596484E+02 1 1.596310000000000E+01
5.952290706998836E+01 6.368549043722611E+01 1.373595859656855E+02 1.776979462553143E+02 1 1.608750000000000E+01
5.729272557100816E+01 6.100967689913546E+01 2.034417589937793E+02 1.793072702363682E+02 1 1.579880000000000E+01
5.707171014358823E+01 6.236326057338652E+01 2.064370994844739E+02 1.804651348641945E+02 1 1.579640000000000E+01
5.502107252264044E+01 -5.000000000000000E+01 2.031483633065595E+02 1.816499915683220E+02 1 1.596030000000000E+01
5.823962274264976E+01 -5.000000000000000E+01 2.055357663996894E+02 1.796512465359968E+02 1 1.594960000000000E+01
5.674285123575390E+01 5.601133664787584E+01 3.083256306946069E+01 1.795290570864931E+02 1 1.718750000000000E+01
2.626176465448872E+02 3.049912419236601E-01 2.837539865989774E+02 3.094578639148937E+01 1 4.398520000000000E+01
-5.000000000000000E+01 -1.151123239403239E+01 5.730017675500545E+01 -2.502712043231297E+00 1 2.419900000000000E+01
-2.394205354497631E+01 5.729040188320523E+01 7.701079032393690E+01 -8.096744942443566E-01 1 3.310340000000000E+01
1.628585382584539E+02 -2.492765549672910E+01 1.416857818877862E+02 -5.068352836193527E+00 1 2.536530000000000E+01
5.261491225249559E+01 -2.658844603899334E+01 1.797719776207988E+02 -1.679294176971693E+00 1 2.720870000000000E+01
5.623617572015901E+01 6.253348824348242E+01 2.037248308057151E+02 1.793763628549634E+02 1 1.579570000000000E+01
1.869713573823672E+02 4.151375184563795E+01 1.725070488014152E+02 1.697309864960079E+02 1 1.968260000000000E+01
5.614046012638731E+01 -5.000000000000000E+01 2.064433294120757E+02 1.795300183792992E+02 1 1.594470000000000E+01
-3.029198487715232E+01 7.000000000000000E+01 2.876973928994049E+02 6.195064348500650E+01 1 3.334010000000000E+01
1.064448332659181E+02 -8.337223408978031E-01 -3.448080640478693E+01 -2.978554334617582E+01 1 4.041560000000000E+01
2.642288407313083E+01 2.931417395232895E+01 2.928096697419944E+02 -6.872400894641959E+00 1 3.528440000000000E+01
2.168475028049563E+02 5.803423819763649E+00 1.010344128723711E+01 1.202078639799959E+02 1 3.397150000000000E+01
2.459863730124946E+02 -9.481751392315727E-01 2.492109082287799E+02 2.828332307701903E+02 1 4.560860000000000E+01
1.842498116154710E+02 5.933520699204372E+01 1.138373386310031E+02 -4.143433314349700E+01 1 2.258420000000000E+01
1.945243181964668E+02 7.000000000000000E+01 8.367030008246491E+01 2.010872577473287E+00 1 1.799270000000000E+01
2.143902769622861E+02 -1.612725838003585E+01 9.120341354586292E+01 8.547934977982200E+00 1 2.477770000000000E+01
1.766631001050735E+02 -4.492053665385646E+01 6.226467068311451E+01 -1.117702931953065E+01 1 2.216070000000000E+01
1.783832940696709E+02 -5.000000000000000E+01 1.044415465420354E+02 3.890456729448947E+01 1 2.681820000000000E+01
2.213903348581112E+02 4.878325978751489E+01 6.404308758346838E+01 -1.157732200180986E+01 1 2.085620000000000E+01
2.175529087492081E+02 5.020444494407625E+01 -6.039328491507815E+00 1.796020705863217E+02 1 2.323280000000000E+01
1.168127492258079E+02 1.611093574717320E+01 2.475928579249129E-01 6.502428596234448E+01 1 3.987600000000000E+01
1.877122851222527E+02 4.312215704459031E+01 9.232959068371389E+01 -4.350189360784489E+00 1 1.868060000000000E+01
1.970059748327152E+02 6.109803608415253E+01 1.095353058263692E+02 -8.585759302381048E+00 1 1.993940000000000E+01
2.674886452653059E+02 -4.182095732125261E+01 4.520257360587775E+01 5.955287082018468E+00 1 1.955240000000000E+01
2.076591482967161E+02 5.834010656330764E+01 3.141992847897521E+01 1.847866985683861E+01 1 2.199230000000000E+01
1.805384320915527E+02 -5.000000000000000E+01 3.661987050362992E+01 1.591102801896480E+02 1 2.127520000000000E+01
2.795307826236396E+02 -3.602414770563443E+01 6.538428818387560E+01 -3.617652959934973E+01 1 2.390490000000000E+01
2.876358073700524E+02 -3.373983147862490E+01 9.466674838663143E+01 1.716056814150086E+01 1 2.932340000000000E+01
2.978062708562164E+02 5.650192046236008E+01 3.100000000000000E+02 1.472262979738381E+02 1 2.357160000000000E+01
3.016918965449232E+02 -3.767021025286360E+01 7.933056830904702E+00 -9.362522850023931E-01 1 2.144160000000000E+01
2.810653383303461E+02 5.194795373761817E+01 2.556851437273303E+02 1.846193545480415E+02 1 2.246830000000000E+01
2.869339317133733E+02 3.365208491459185E+01 2.758937208545511E+01 -9.676186434416222E+00 1 2.109310000000000E+01
-1.510480915957939E+01 5.216854419651009E+01 1.853965665111116E+01 2.473366527830893E+02 1 3.227540000000000E+01
1.713229778145664E+02 1.388017416688863E+01 1.468841993244378E+01 1.708166930385997E+02 1 2.191040000000000E+01
1.948353012820072E+02 -1.797747807890855E+00 7.969758737604673E+01 1.740033798147784E+02 1 2.664930000000000E+01
-3.388460555523036E+01 7.000000000000000E+01 2.532467142330530E+02 1.694207996802892E+02 1 1.996050000000000E+01
1.810289924616258E+02 -3.250280325742447E+01 4.220369979897094E+00 1.895458451718031E+02 1 2.108420000000000E+01
4.706715453946910E+01 -2.219878630866546E+01 2.331269707609615E+02 5.271046381986849E+01 1 3.179740000000000E+01
2.746701163786014E+02 -1.616060449467963E+01 2.246190357181863E+01 -1.287401084887896E+01 1 2.508760000000000E+01
4.050580797597996E+01 -4.299594879256121E+01 2.234938484186480E+02 2.979577648799141E+02 1 3.160210000000000E+01
3.099528529568508E+02 4.453858255025929E+01 1.519104891819951E+02 1.917223646495310E+02 1 1.937180000000000E+01
3.100000000000000E+02 -5.032094167122493E+00 2.474887610511229E+02 1.804262019242049E+02 1 2.285160000000000E+01
1.652131789551403E+02 5.830400591752449E+01 1.508369410100884E+02 1.770681560938496E+02 1 1.847210000000000E+01
2.412165176475663E+02 5.546681133856617E+01 2.100845639274756E+02 8.102312990756107E+01 1 4.060100000000000E+01
3.100000000000000E+02 -4.855951579889825E+01 1.161107988082806E+02 1.879509826222522E+02 1 1.815700000000000E+01
7.255856207203193E+01 6.802279121832986E+01 8.226058362025855E+00 1.914917287590465E+02 1 1.831580000000000E+01
2.845609013361691E+02 6.332105055052067E+01 3.886579683484734E+01 -9.116465951162951E+00 1 1.868860000000000E+01
6.904775272141987E+01 6.203846335189927E+01 1.253566269562267E+02 1.822246562488035E+02 1 1.635140000000000E+01
-1.283637787897853E+01 4.786048761813588E+00 1.015216215151528E+02 8.031931391978512E+01 1 3.956660000000000E+01
1.538746679198859E+02 3.529082287624618E+01 -3.301099664282533E+01 2.643170000555184E+02 1 3.795330000000000E+01
1.821279561890956E+02 -2.709657537979750E+01 -2.548115613121816E+01 1.608254068814974E+02 1 2.465910000000000E+01
1.651051488878364E+02 5.909305392726495E+01 2.050215153511568E+02 1.846210554925499E+02 1 1.773580000000000E+01
2.427705394398671E+02 5.727521150918966E+01 -1.767051759340576E+01 2.663331705336548E+02 1 3.981650000000000E+01
4.991644206055797E+00 -7.455416653043912E+00 1.339368764034858E+02 3.055951159811340E+02 1 3.801150000000000E+01
2.932056485452708E+02 5.486601076876413E+01 2.358865024313712E+01 1.795087223586668E+01 1 1.902390000000000E+01
2.115387828191173E+02 6.896268826654561E+01 2.809326913499041E+02 -1.627661318127594E+01 1 3.629610000000000E+01
-3.754467952055874E+01 4.201600534260061E+01 2.783643781094769E+02 1.771639673389955E+02 1 2.260440000000000E+01
1.364554578328953E+02 4.906666798970086E+00 2.172841405121599E+02 7.594246508439842E+01 1 3.819390000000000E+01
1.287726974149211E+02 -1.286219841753753E+00 7.647567591332540E+01 2.824624041100079E+02 1 4.162620000000000E+01
7.782014691670818E+01 1.651428087215288E+00 9.706861927058419E+01 4.142676908299894E+01 1 3.290680000000000E+01
2.257061207510220E+02 -3.796992403476715E+00 1.102886431509453E+02 2.598822322125146E+02 1 3.759710000000000E+01
1.178720773294676E+01 -9.009043385171802E-01 -3.905748593613127E+01 2.861501723928882E+02 1 4.421130000000000E+01
1.428178746182249E+02 -4.580302579292267E+01 3.010818338154607E+01 1.788545169894543E+02 1 2.006130000000000E+01
3.043682268708492E+02 4.491949550845592E+01 2.068722389138463E+02 2.972261764278642E+02 1 3.557060000000000E+01
-3.719107991153574E+01 -6.241349236843059E+00 -3.078863271663513E+00 9.568938259110914E+01 1 3.637370000000000E+01
1.612810716112467E+02 1.333928354474867E+01 2.932883090139215E+02 1.292755608641802E+01 1 4.240990000000000E+01
7.828681046207488E+01 4.363002726792269E+01 2.048837450660108E+02 4.102534960516679E+00 1 2.663370000000000E+01
2.287397834360549E+02 -1.135892965838558E+00 1.384676976238333E+02 9.484789073264005E+01 1 4.243870000000000E+01
5.947057451542646E+01 2.489579971316019E+01 -4.733947610234308E+01 7.821176284669630E+01 1 3.757800000000000E+01
1.018442776664270E+02 -4.813769129162731E+01 6.342651476751846E+01 8.754940649452119E+01 1 3.421010000000000E+01
-1.434730900945310E+01 1.604497596878627E+01 2.349178614640412E+02 9.137128652035443E+01 1 3.706550000000000E+01
2.083596968832611E+02 2.654556711993575E+01 2.764648772429310E+02 1.019244132061222E+02 1 4.347530000000000E+01
3.100000000000000E+02 -2.218264484356678E+01 2.403687464569409E+02 -1.232978725797465E+01 1 3.189860000000000E+01
7.664151531304738E+01 6.060631618811615E+01 -1.000551072802744E+01 1.542224386924275E+01 1 2.670040000000000E+01
1.071189880097856E+02 -2.812685929353887E+01 2.730829126144257E+02 2.777969903509826E+02 1 3.813710000000000E+01
2.770716783742656E+02 6.024513176697827E+01 8.793778869718228E+00 7.836711451719911E+00 1 2.120610000000000E+01
2.288967362475069E+02 4.017868028855403E-01 -5.000000000000000E+01 2.260954323933819E+02 1 4.216160000000000E+01
4.520414049492155E+01 5.488011991477356E+01 6.432863885406853E+01 1.818721420283647E+02 1 1.799280000000000E+01
-4.543101860092218E+01 -4.828683803302451E+01 1.752487777214817E+02 6.134506667063318E+01 1 3.474940000000000E+01
2.049274142862394E+02 4.737078892180871E+00 1.911066164601734E+02 -4.872782771894369E+01 1 3.595380000000000E+01
1.685335421745652E+02 5.459137782067079E+01 6.250375146731946E+00 1.805597985948667E+02 1 1.876540000000000E+01
5.907816939163237E+01 5.687200689205078E+01 1.389926796827369E+02 1.815642780748346E+02 1 1.610930000000000E+01
1.195809135439159E+02 -8.803754095837281E+00 2.941169701919657E+02 1.109071268927982E+02 1 4.336360000000000E+01
4.601320242089947E+01 2.344312270428395E+01 8.252284294267926E+01 -1.639648124148383E+01 1 2.837970000000000E+01
2.045302105186695E+02 -1.986965771182075E+01 2.305056552474269E+02 3.999080643364993E+01 1 3.794990000000000E+01
3.100000000000000E+02 1.474528821956594E+01 2.816652722014285E+02 2.587664925695059E+02 1 4.196210000000000E+01
1.851783639814837E+02 -2.647721357195528E+01 2.834310159445305E+02 2.772572976924886E+02 1 4.106880000000000E+01
2.533945670326239E+02 -3.256200314543644E+01 -4.006459841846073E+01 8.864113540771092E+01 1 3.926090000000000E+01
2.629496334398410E+02 -3.491884204536861E+01 1.814724984724563E+02 2.611425144091542E+02 1 3.635760000000000E+01
7.777245111160150E+01 2.473518687016825E+01 9.521445115979772E+00 2.855174711437811E+02 1 3.507700000000000E+01
7.670945338589139E+01 7.000000000000000E+01 1.105120770513998E+02 2.987524753628587E+02 1 3.248620000000000E+01
1.154522566150160E+02 7.000000000000000E+01 1.607098573146644E+02 5.827297348851563E+01 1 3.421790000000000E+01
1.816228662203427E+02 6.360183780062022E+01 1.739912751041210E+02 1.877482088606744E+02 1 1.793320000000000E+01
1.318890169673375E+02 7.000000000000000E+01 -2.531488954033923E+00 3.030779071389878E+02 1 3.549750000000000E+01
1.710784535528956E+02 1.928342857972302E+00 5.526307116289168E+01 8.331235292578442E+01 1 3.423910000000000E+01
2.692611594180919E+02 8.926894882660340E+00 1.812146715664693E+02 3.957856325606203E+01 1 3.866080000000000E+01
1.179826549386676E+02 -9.495215425948393E+00 2.216356803843474E+02 -1.557210075923233E+01 1 3.199890000000000E+01
2.360289162044767E+01 4.495784570591188E+01 4.857077708444175E+01 7.442196280239055E+01 1 3.486090000000000E+01
1.866107639694117E+01 -3.768895836842334E+01 1.174978483578509E+02 3.450622240674191E+01 1 3.154600000000000E+01
2.916008991307623E+01 1.411983189416215E+01 7.485893837608411E+01 2.679248405605762E+02 1 3.705580000000000E+01
-9.850746128789687E+00 -3.606208297580425E+00 2.113437986565344E+02 2.756390831955594E+02 1 3.883450000000000E+01
2.298124661920303E+02 2.552215956173424E+01 4.257023830346920E+01 2.486560181923730E+02 1 3.971140000000000E+01
2.633245100781817E+02 4.362765603503878E+01 2.364205879992373E+02 1.162439005283209E+00 1 3.530810000000000E+01
-6.916804312381062E+00 1.706315652730707E+01 -2.347042121550518E+01 3.357574050889864E+01 1 3.253750000000000E+01
-4.861870048801178E+01 -2.049315452959508E+00 1.848952510257037E+01 2.818389606154976E+02 1 3.672070000000000E+01
5.871761265095859E+01 -5.000000000000000E+01 1.178800184289763E+02 1.793651114071704E+02 1 1.633720000000000E+01
1.274238462520164E+02 4.341159977552353E+01 1.460830270610157E+02 2.689270245320050E+02 1 3.425130000000000E+01
2.779693285491293E+02 7.437774511304985E+00 2.568274099619947E+02 1.020207394157732E+02 1 3.950380000000000E+01
7.990001420787759E+01 4.553204733146217E+01 2.843808205943786E+02 -4.638636602506296E+01 1 3.407430000000000E+01
1.619366502995149E+01 -3.908859153660373E+01 -2.813236131989138E+01 9.590309395140127E+01 1 3.697560000000000E+01
2.874733852056985E+02 6.176490744278138E+01 -4.890946251622573E+00 1.761806280011428E+02 1 2.085620000000000E+01
2.754448247603988E+02 1.398314753106381E+01 1.398749047137063E+02 -4.315056720547067E+01 1 3.383650000000000E+01
3.935749077639843E+00 6.436565173915810E+01 2.298479111208692E+02 1.540959703074483E+01 1 2.916250000000000E+01
2.362894508618180E+02 -3.770377064977966E+01 8.151729012371121E+01 1.140444801483269E+02 1 3.799890000000000E+01
8.879084751031132E+01 -1.697774695993894E+01 4.417650951535499E+01 -1.684727280605462E+01 1 2.972590000000000E+01
1.499674587704100E+02 4.867684971245514E+01 -1.334680132265578E+01 1.039713793882377E+02 1 3.369230000000000E+01
1.207737362434448E+02 -2.216826995377362E+00 -2.626993484815969E+01 2.268603492052065E+02 1 3.523560000000000E+01
-3.328355949570756E+01 -4.453386371178610E+01 6.650532481986340E+01 9.951449099285256E+01 1 3.526140000000000E+01
1.851570394471746E+02 -3.860628586153618E+01 4.402926442027803E+01 2.641536258468434E+02 1 3.626730000000000E+01
2.203687197041543E+02 1.977676809669237E+01 -2.642722701783956E+01 4.748631180132341E+01 1 3.656650000000000E+01
2.527654381676997E+02 1.992415103187294E+01 3.086732210260070E+02 -4.148483797491555E+01 1 4.524030000000000E+01
5.637674392322933E+01 -2.519403331487080E+01 2.923610190129800E+02 2.803744625262045E+00 1 3.120010000000000E+01
1.452250312805251E+02 -2.561928098351544E+01 -2.484484172159314E+00 2.505288009208867E+01 1 3.343250000000000E+01
-3.381559968692776E+01 -4.276667556792052E+01 1.596194148220618E+02 -3.731567621170168E+01 1 3.241860000000000E+01
1.910808404390373E+01 4.390722145934797E+01 1.637128931796461E+02 3.100000000000000E+02 1 3.272620000000000E+01
2.860669666033435E+02 3.609970926532568E+01 1.380570404181902E+02 9.247242750272126E+01 1 3.576500000000000E+01
2.599649930645939E+02 -1.041340062405195E+00 -4.315821764717143E+01 1.587571709815275E+02 1 3.307260000000000E+01
5.001800315406847E+01 4.886689311509780E+01 -1.966157557574132E+00 1.800071408200165E+02 1 1.765520000000000E+01
3.591100977752746E+00 1.966977100525164E+01 1.532342914911272E+01 -2.915279674673501E+01 1 3.027580000000000E+01
-4.525736072121128E-01 5.677079534124172E+01 2.688942742357153E+02 2.779192209765692E+02 1 3.705490000000000E+01
6.000120324694978E+01 -5.000000000000000E+01 1.522141586754630E+02 1.826118422531081E+02 1 1.625480000000000E+01
1.804144178768686E+02 -4.069998959207375E+01 1.703248536828553E+02 9.009468163563129E+01 1 3.417570000000000E+01
2.613407567734248E+02 5.355099912390450E+01 1.013717469296886E+02 2.675406973796864E+02 1 3.258260000000000E+01
-3.796760824961964E+01 2.580614555267235E+01 2.800836424796129E+02 -7.116509296624837E+00 1 3.583620000000000E+01
2.063661788942287E+02 3.645281107971289E+01 2.632843920803872E+02 2.626453757742425E+02 1 4.133970000000000E+01
1.367865584574104E+02 2.696292607809259E+01 2.078193460105774E+01 -1.206693226318576E+01 1 3.186480000000000E+01
3.488710553871453E+01 8.121139224904725E+00 2.357280945487372E+02 -2.545665008869396E+01 1 3.123740000000000E+01
1.285613846043626E+02 1.353027762823701E+01 2.246258787502341E+02 2.697280076252420E+02 1 3.633830000000000E+01
-1.470681721135442E+01 6.742781086131939E+01 9.494602148684893E+01 2.782674444745097E+02 1 3.520820000000000E+01
6.238374260618083E+01 6.531310088869915E+00 2.293809956317458E+01 1.049429582064023E+02 1 3.347430000000000E+01
9.549907235335850E+00 -4.337252011364665E+00 1.743885889933332E+02 6.176793993488742E+01 1 3.796070000000000E+01
1.136611690983541E+02 1.861962592555065E+01 1.430755501927490E+02 1.024718618190776E+01 1 3.020320000000000E+01
1.549099148080501E+02 -8.045477376347586E+00 1.155851433889448E+02 2.313900083215555E+02 1 3.209750000000000E+01
1.681665928714120E+02 4.901998145423998E+01 2.478687849129740E+02 6.081893913483095E+01 1 3.620890000000000E+01
2.856370075326040E+02 2.441064006234677E+00 6.050129001581897E+01 1.236486062645317E+02 1 3.523210000000000E+01
1.175134646801143E+02 -4.252717476085851E+01 1.777594150492655E+02 3.100000000000000E+02 1 3.147630000000000E+01
-1.498067759781358E+01 -2.009262600565763E+01 -2.879272398699641E+01 2.323976682415868E+02 1 3.540140000000000E+01
4.453035839501676E+01 -1.920364878620811E+01 1.141170614518396E+02 9.797216448129437E+01 1 3.378710000000000E+01
1.966886172073303E+02 3.780623679050405E+01 9.511586887741993E+01 1.111516401073182E+02 1 3.490150000000000E+01
9.657872684365535E+01 7.000000000000000E+01 -4.118272913202799E+01 7.921930153338496E+01 1 3.674450000000000E+01
1.781525978836394E+02 5.350822836138462E+01 -2.919896921598924E+01 -2.191052555998256E+01 1 3.126680000000000E+01
2.181801835017910E+02 4.180140126641141E+01 1.617827201897930E+02 2.729496715218366E+02 1 3.392190000000000E+01
5.870452818584134E+01 6.228082659347773E+01 1.348925743271277E+02 1.816814580789029E+02 1 1.607650000000000E+01
2.128152780223906E+02 7.365899125826890E+00 2.084464778489998E+02 1.115781305966670E+02 1 3.836190000000000E+01
2.878342150655444E+02 3.037491434642665E+01 -3.856826931526447E+01 7.392821167155090E+01 1 3.392800000000000E+01
6.213574907823487E+01 -3.208854057503324E+01 -2.506769346524148E+01 2.737474248793850E+02 1 3.525620000000000E+01
1.671694905443285E+02 -5.000000000000000E+01 2.433723581537658E+02 1.846631606412576E+02 1 1.992540000000000E+01
6.285113412644894E+00 -4.175254599976780E+01 -3.153634541362052E+01 -1.541590220553614E+01 1 3.126400000000000E+01
2.446123937100938E+02 3.850297089157252E+01 1.159526573535630E+02 4.267124337715036E+01 1 3.638730000000000E+01
2.613311632261642E+02 -4.419602967463328E+01 2.760014262277326E+02 2.539848973651541E+02 1 3.893880000000000E+01
-1.150728320258564E+01 -4.958429182996261E+00 2.898418896119228E+02 1.137749579698465E+02 1 4.043380000000000E+01
9.257383358787369E+01 3.435366576097489E+01 2.485654593471792E+02 8.873496842016618E+01 1 3.556340000000000E+01
1.231979209789832E+02 6.876915872959311E+00 6.463250342415284E+01 1.364131095494695E+02 1 2.993260000000000E+01
2.286467234194490E+02 -4.782395920921324E+01 2.158960182219053E+02 -4.877436039456137E+01 1 3.828010000000000E+01
2.791985000267274E+02 1.336118104342389E+01 2.126658426196862E+02 2.334085369108153E+02 1 3.317210000000000E+01
2.223269594458817E+02 -2.309356741611897E+01 -3.015130379767596E+01 -3.381555918446882E+00 1 3.746430000000000E+01
1.537217658205031E+02 7.451836799846750E+00 2.798957069277793E+02 2.230087833899006E+02 1 3.617810000000000E+01
3.100000000000000E+02 3.148101175640687E+01 1.287875797657420E+02 9.703481120795123E+00 1 2.998110000000000E+01
1.499648914576397E+02 1.802433331417174E+01 3.381399771922629E+01 2.445275991508569E+02 1 3.396730000000000E+01
2.433324594193091E+02 2.982172024145690E+01 7.583458050057641E+01 1.706196775569621E+02 1 2.902590000000000E+01
6.096782415990749E+01 1.253966059488221E+01 2.708384356726485E+02 2.665247341370769E+02 1 3.819890000000000E+01
7.826971683932432E+01 3.677811236765700E+01 4.726186995372120E+01 3.408979937817231E+01 1 3.167250000000000E+01
2.016488625389670E+02 1.774182293773378E+01 2.440987235144803E+02 -1.392952394014988E+01 1 3.667620000000000E+01
1.654757911974671E+02 1.168237814179826E+01 1.462829320381804E+02 6.088989869003602E+01 1 3.614470000000000E+01
3.100000000000000E+02 -1.402359332376423E+01 2.317198695743012E+02 5.254042120924639E+01 1 3.578560000000000E+01
8.453248339217230E+01 -1.602955309343080E+00 1.798417654920779E+02 7.872253675053443E+01 1 3.609600000000000E+01
-8.136738504983791E+00 -3.780406344561414E+00 6.370479272516913E+01 1.457820101042475E+02 1 2.840550000000000E+01
2.128748176254071E+02 -3.867924573663191E+01 1.529494356637997E+01 7.674105342668274E+01 1 3.231730000000000E+01
1.186751647974363E+02 3.913299688085009E+01 3.099902594410487E+02 3.191280354699127E+01 1 3.596030000000000E+01
2.827565627574364E+02 2.789510799987871E+01 -2.486883169228923E+01 2.443646109270663E+02 1 3.512970000000000E+01
5.734373271391917E+00 -3.407451967062339E+00 2.726259464331264E+02 3.921226325049489E+01 1 3.833370000000000E+01
1.706698321737162E+02 -2.090910304196230E+01 2.581657570844943E+02 1.070862478221531E+02 1 3.656160000000000E+01
2.298802304925727E+02 -3.929144290492533E+01 7.934687899804757E+01 2.177667970856463E+02 1 3.108750000000000E+01
8.715983951458912E+01 8.754194070330250E+00 2.655713556264720E+02 2.884579236673373E+01 1 3.576770000000000E+01
2.448472907948332E+02 5.732035259620149E+01 2.767702907639553E+02 5.947113819176086E+01 1 4.039460000000000E+01
3.108314220262066E-03 4.900709273022898E+01 1.258965240137772E+02 9.913085066443267E+01 1 3.481360000000000E+01
3.100000000000000E+02 2.458501736873863E+01 8.576830997386153E+01 -5.000000000000000E+01 1 2.957930000000000E+01
2.464134185130421E+02 6.651043030062696E+01 1.665287946077569E+02 1.307365133543159E+02 1 3.129900000000000E+01
1.338335221617812E+02 -2.405195552795457E+00 6.939788514650171E+01 3.195362432997156E+01 1 3.105280000000000E+01
3.370436858411663E+01 -5.011357261216815E+00 1.450964409633370E+01 2.498701055434136E+02 1 3.312480000000000E+01
1.529469633906966E+02 2.331304479360594E+01 2.796943095143282E+02 1.465535429108610E+02 1 3.287330000000000E+01
2.207368043885936E+02 4.044505814429398E+01 2.854021252385762E+02 1.845464316645336E+02 1 2.878270000000000E+01
1.433444183816154E+02 1.808234323458710E+01 2.792032960283281E+02 -5.000000000000000E+01 1 4.357730000000000E+01
2.409673816434159E+02 6.186520187473606E-01 4.672295448768279E+01 5.709170643228747E+01 1 3.531980000000000E+01
1.472423043665316E+02 5.161998387794350E+01 3.854895509817830E+01 5.775348454222644E+01 1 3.114820000000000E+01
1.463148664426810E+02 -4.800887754655934E+01 9.716354146626605E+01 1.129165257005624E+02 1 3.179980000000000E+01
2.716238507160857E+02 -9.133973755464442E+00 1.980933132269235E+02 -2.570245690134784E+01 1 3.723760000000000E+01
1.005892005226710E+02 3.759489052200332E+01 1.097784507188579E+02 7.798407203960323E+01 1 3.470930000000000E+01
1.949999474670993E+02 5.502376189700685E+01 7.193836656708555E+01 7.246515691036629E+00 1 1.797450000000000E+01
1.573538050586258E+02 -3.967582632920863E+01 2.046600312542005E+02 1.504003998497992E+01 1 2.882510000000000E+01
3.125620304055371E+01 2.236650111034579E+01 1.412428315848296E+02 1.698623920781976E+01 1 3.043080000000000E+01
2.608156942104704E+02 4.345390938618406E+01 7.061335239022385E+00 1.171484880714984E+02 1 3.214760000000000E+01
1.564164469584026E+02 2.746819030355528E+00 1.546108338869760E+02 2.898317561461805E+02 1 3.303920000000000E+01
3.948336917290769E+01 5.470111715860799E+01 2.752818784210347E+02 5.274579068496492E+01 1 3.237910000000000E+01
9.466655082432003E+01 -1.541756499365547E+01 1.415015086666043E+02 2.623352223847232E+02 1 3.646570000000000E+01
-6.662838709445887E+00 -1.902730478540159E+01 2.730543553674449E+02 3.100000000000000E+02 1 3.802720000000000E+01
-7.467824036211615E+00 -2.719704255790486E+01 1.585367014407610E+02 2.473610934656703E+02 1 3.456630000000000E+01
2.293656262894627E+02 -3.065641307571096E+01 1.593383291479417E+02 4.415654929005051E+01 1 3.818770000000000E+01
2.282027370008728E+02 -9.232363543902890E+00 1.580954817961799E+02 2.141028377377382E+02 1 2.909970000000000E+01
2.685221334465764E+02 -1.813638629409616E+01 -2.781248625770865E+01 2.791012723387294E+02 1 4.349190000000000E+01
