# input file for alanine 2D (d4-d13)

# optimization
userfn       userfn_2D.py
bounds       -50 310; -50 310
num_tasks    2
kernel       stdp
initpts      2 30
iterpts      50
verbosity    2
kappa_prior  gamma
kappa_priorparam 2 0.014


RESULTS:
1.280244455190949E+02 2.283990275225546E+02 0 -2.029978913912344E+05 
2.352181886059568E+02 1.290028082234514E+02 0 -2.029955878200114E+05 
1.074059476678848E+02 -5.000000000000000E+01 1 3.385010000000000E+01 
-5.000000000000000E+01 1.153392670725904E+02 1 3.221500000000000E+01 
2.643794753524328E+02 1.528387400997453E+02 1 2.789010000000000E+01 
-4.540804286791045E+01 2.828446107103952E+02 1 3.056040000000000E+01 
4.509465533731384E+00 2.718816058370808E+02 1 3.414740000000000E+01 
1.619851392471058E+02 1.866857657327407E+02 1 2.088380000000000E+01 
2.049504399963591E+02 2.632450586592806E+02 1 3.678790000000000E+01 
1.955060604463372E+02 6.311784585160884E+00 1 1.828980000000000E+01 
2.962288520797234E+02 2.534740176264748E+02 1 3.106050000000000E+01 
2.760562305107370E+02 2.804321111715113E+02 1 3.331940000000000E+01 
5.134976013366489E+01 2.629643819813786E+02 1 3.148360000000000E+01 
2.916211219781346E+02 -1.539426464689008E+01 1 1.884590000000000E+01 
-1.352783220910458E+01 6.530984272514567E+01 1 3.704680000000000E+01 
1.986527105010093E+01 -2.322686674476826E+01 1 3.303720000000000E+01 
1.872122579493702E+02 2.983499795123095E+02 1 3.387240000000000E+01 
-1.201406603621388E+01 1.547163912687748E+02 1 2.331570000000000E+01 
1.933965110950666E+02 7.813910542158114E+00 1 1.827230000000000E+01 
6.431072237727011E+01 2.941041539371270E+02 1 3.167820000000000E+01 
7.106608038373196E+01 4.843581673479400E+01 1 3.180340000000000E+01 
7.742437318957651E+01 1.411345449910794E+01 1 2.850600000000000E+01 
2.821897364639446E+02 1.149979017011972E+02 1 3.375670000000000E+01 
1.881032807832308E+02 8.914577441109051E+00 1 1.835860000000000E+01 
-2.490038421660887E+01 3.996054586159985E+01 1 3.573960000000000E+01 
5.726480562480419E+01 1.326807461748597E+02 1 2.463600000000000E+01 
1.274420964298336E+02 1.200477913875314E+02 1 2.960870000000000E+01 
2.161754835766212E+02 9.718332403534301E+00 1 1.946580000000000E+01 
1.696343630515558E+02 2.630490249049057E+02 1 3.511940000000000E+01 
3.767437128597185E+01 1.070877177451054E+02 1 3.076140000000000E+01 
6.015542380095307E+01 1.808723975236461E+02 1 1.748380000000000E+01 
-1.327479940064033E+00 -8.587740977062888E-01 1 3.481600000000000E+01 
