# input file for alanine 2D (d4-d13)

# optimization
userfn       userfn_4D.py
bounds       -50 310; -50 70; -50 310; -50 310
kernel       stdp
data_sources 2
initpts 2 115
iterpts      100
verbosity    2


RESULTS:
-5.000000000000000E+01 -5.000000000000000E+01 -5.000000000000000E+01 -5.000000000000000E+01 0 -8.802466732826000E+03
1.300000000000000E+02 1.000000000000000E+01 1.300000000000000E+02 1.300000000000000E+02 0 -8.802391830756000E+03
-5.000000000000000E+01 -5.000000000000000E+01 -5.000000000000000E+01 -5.000000000000000E+01 1 3.416900000000000E+01
1.300000000000000E+02 1.000000000000000E+01 1.300000000000000E+02 1.300000000000000E+02 1 3.298980000000000E+01
1.311274167667436E+02 -9.269824116603850E+00 1.346494725087673E+02 1.361503674073360E+02 1 3.143360000000000E+01
1.326741115645440E+02 -2.359120368280697E+01 1.453391485901209E+02 1.504418832256138E+02 1 2.663870000000000E+01
1.331245091185885E+02 -3.422834459621473E+01 1.586469446027791E+02 1.705659478286683E+02 1 2.210240000000000E+01
1.693233129131279E+02 -3.520928949618437E+01 1.852705622089383E+02 1.779671728388226E+02 1 1.875940000000000E+01
1.371178138219855E+02 -3.534459872388189E+01 2.244771650086060E+02 1.836312823215624E+02 1 2.027310000000000E+01
1.609304738168254E+02 -3.409310677655753E+01 1.880793743992144E+02 2.317722891975455E+02 1 2.594020000000000E+01
1.683175868163568E+02 6.457653414625369E+01 2.101491372077611E+02 1.593211283689972E+02 1 1.981360000000000E+01
2.161982091940185E+02 -3.303365008348466E+01 2.363155249315325E+02 1.633462619737156E+02 1 2.634160000000000E+01
1.971305094507076E+02 -5.000000000000000E+01 1.385301128814093E+02 1.740916182939347E+02 1 2.030610000000000E+01
1.494155865635368E+02 6.540946314654239E+01 3.100000000000000E+02 1.789764807344294E+02 1 2.301600000000000E+01
1.715427457260477E+02 4.304656765643939E+01 1.810591875684370E+02 1.927565946282082E+02 1 1.861370000000000E+01
1.760632337053742E+02 4.446123005156901E+01 7.821298973410589E+01 2.037754492392638E+02 1 2.434950000000000E+01
1.130763609650290E+02 3.889695373783371E+01 2.244653105960514E+02 1.925020956269759E+02 1 2.083050000000000E+01
2.496154559852881E+02 3.732291343927746E+01 1.680395326461546E+02 1.970046735954241E+02 1 2.455670000000000E+01
4.363538466365577E+01 6.668509576424580E+01 2.146980652681671E+02 1.807232070368753E+02 1 1.626580000000000E+01
4.651427426712933E+01 6.148255037472322E+01 2.665786722492172E+02 1.530937785844532E+02 1 2.081380000000000E+01
1.170752715186806E+01 3.737762739802309E+01 2.171553936078819E+02 1.936604839220298E+02 1 2.085770000000000E+01
1.091769381990119E+01 7.000000000000000E+01 1.752920663143923E+02 1.543641177634438E+02 1 2.234460000000000E+01
4.519819510366462E+01 -2.867095231865789E+01 2.470049395357204E+02 2.043775399737484E+02 1 2.086530000000000E+01
5.596437819102199E+01 6.056963086366677E+01 1.710527563800701E+02 2.118127562120266E+02 1 1.958240000000000E+01
4.256373122914490E+01 6.478520701623634E+01 2.587816364635090E+01 1.916630143827785E+02 1 1.791670000000000E+01
5.661579561210713E+01 4.921856085384689E+01 -4.191737890826576E+01 2.122294686110757E+02 1 2.272110000000000E+01
2.139258574767722E+01 -3.020238516031777E+01 8.158675619916458E+01 2.029268862306602E+02 1 2.303440000000000E+01
7.549492519386108E+00 4.445008477066506E+01 2.042220480869671E+01 1.583121727817843E+02 1 2.327680000000000E+01
7.660272229751519E+01 -3.386355934438219E+01 1.076902381552505E+01 1.683698424495060E+02 1 1.985180000000000E+01
8.676623511974506E+01 -4.845686340670959E+01 4.074835629714738E+01 2.235951559424927E+02 1 2.519560000000000E+01
6.004518693424741E+01 5.438479272170913E+01 1.118105039768402E+02 1.740736858386087E+02 1 1.654880000000000E+01
5.684825009388735E+01 1.110025715815578E+01 1.796541913265370E+02 1.789912968044558E+02 1 1.920090000000000E+01
1.892339188037479E+02 3.927074029844722E+01 1.767666852549262E+02 1.863101679350745E+01 1 2.984900000000000E+01
3.484291884569138E+01 -1.862008269317717E+01 2.042788127416332E+01 4.497981315964790E+01 1 3.449070000000000E+01
8.140468647154799E+01 1.655951444891015E+01 1.625508517567816E+02 3.085584749404264E+02 1 3.285960000000000E+01
2.697264426687229E+02 4.421838393773639E+01 5.644955539440102E+01 7.924204510126820E+01 1 3.730350000000000E+01
1.970468641736975E+02 -2.365585806277708E+00 1.124146648666673E+01 -4.355620242749856E+01 1 3.634140000000000E+01
1.811407175833095E+02 8.445224297285183E+00 2.198332058141370E+02 1.904169421248158E+02 1 2.254340000000000E+01
5.818826310295826E+01 2.405880141204118E+01 4.588353456632615E+01 1.847921365448153E+02 1 1.988800000000000E+01
5.963197960437761E+01 4.620679023483821E+01 1.861624497517040E+02 1.688855714729215E+02 1 1.691230000000000E+01
1.111920113937830E+02 6.561910867112221E+01 2.556498499014947E+02 2.821526794011885E+01 1 3.140580000000000E+01
6.776160113237751E+01 7.000000000000000E+01 1.801456415755920E+02 1.726946611608342E+02 1 1.657540000000000E+01
4.964478720186319E+01 -5.000000000000000E+01 6.334988622264557E+01 1.585931503111236E+02 1 1.954220000000000E+01
-2.651477854813273E+01 2.133738232465879E+01 1.880568137795881E+02 8.346541209680723E+00 1 3.330680000000000E+01
1.967783939329294E+02 6.296898521166828E+01 2.171289288729901E+02 2.025418784206246E+02 1 2.199230000000000E+01
3.202602271577750E+01 -7.836601538410723E+00 -4.168544463787615E+01 1.731866738553256E+02 1 2.786130000000000E+01
8.329020491138293E+01 5.156553195008615E+01 1.621587223646075E+01 1.690231554902066E+02 1 1.933950000000000E+01
-3.889423916863562E+01 5.146491915896446E+01 8.418226995893541E+01 2.033766908179855E+02 1 2.079260000000000E+01
3.100000000000000E+02 1.456745021702848E+01 1.284367022803007E+02 2.518943730320227E+02 1 3.316200000000000E+01
2.012988346096195E+01 4.135384686679468E+01 1.159399937572471E+02 1.877248029065059E+02 1 2.071120000000000E+01
3.087197195030186E+02 6.594957026651561E+01 3.053744221634113E+02 1.900938463674737E+02 1 2.116850000000000E+01
3.043836620876413E+02 -4.147272105514012E+01 1.665954045432067E+02 1.859798508187211E+02 1 1.952250000000000E+01
2.900457886398337E+02 7.000000000000000E+01 5.833362362517175E+01 1.704302952497359E+02 1 2.261640000000000E+01
-5.000000000000000E+01 4.450130376035344E+01 2.059053182278820E+02 1.643062549198756E+02 1 2.093080000000000E+01
3.054278861171858E+02 4.300393239683887E+00 1.242960608893873E+02 1.765102230448164E+02 1 2.233280000000000E+01
2.813581297068391E+02 -2.819719481143183E+01 4.243720082651719E+01 2.135802468668039E+02 1 2.841310000000000E+01
7.399299892099977E+01 -5.000000000000000E+01 2.510212223271763E+02 1.861478752257950E+02 1 1.738880000000000E+01
7.694635713852411E+01 3.376760185971092E+01 1.424923681172826E+02 1.903353122640559E+02 1 1.906330000000000E+01
6.482649599787898E+01 -3.064123957336052E+01 1.273921510422441E+02 1.880254852858956E+02 1 1.824910000000000E+01
-2.087678149265366E+01 6.714563852740010E+01 2.167829985906245E+02 2.067645035898332E+02 1 2.279770000000000E+01
6.928050585883845E+01 6.655913522732290E+01 6.955924287931312E+01 1.846650231665078E+02 1 1.755920000000000E+01
-5.000000000000000E+01 3.195603347938357E+01 6.707347584154087E-01 1.869509499384936E+02 1 2.226470000000000E+01
1.793785615875706E+02 -3.740814762373590E+01 -5.000000000000000E+01 7.011416862725514E+01 1 3.880790000000000E+01
3.892572062349355E+01 -5.000000000000000E+01 3.484226300140685E+01 3.100000000000000E+02 1 3.058300000000000E+01
1.540416203959919E+02 5.411342710022780E+01 2.302533849093785E+02 3.100000000000000E+02 1 3.204480000000000E+01
2.978990811795273E+02 -2.373208582238436E+01 1.836265797665170E+02 1.351946645808394E+02 1 2.827190000000000E+01
8.361711783518238E+01 -9.992573291910462E+00 2.161369927244001E+02 1.929740260915204E+02 1 2.099050000000000E+01
5.292392697913380E+01 4.716575689171793E+01 1.647782122406801E+02 7.156626418695443E+01 1 3.145810000000000E+01
4.892336731232380E+01 6.497117544984538E+01 1.564776360466585E+02 1.827559227829326E+02 1 1.631470000000000E+01
-4.885665087976997E+01 5.467092284064089E+01 1.299847199168137E+02 1.719847965397867E+02 1 1.833400000000000E+01
6.012745248841453E+01 5.470698075078867E+01 2.113716903952363E+02 1.862443176070381E+02 1 1.611360000000000E+01
-2.594548041402909E+01 -5.000000000000000E+01 1.995805845688876E+01 1.845047278192504E+02 1 2.177510000000000E+01
5.544779243458522E+01 -3.523902979514482E+01 1.997050941992622E+02 1.797892819463149E+02 1 1.689160000000000E+01
2.515426085982244E+02 7.000000000000000E+01 1.505614314667246E+02 -1.437818643527071E+01 1 3.094750000000000E+01
6.096564741867435E+01 -4.926937136258835E+01 1.978940256102998E+02 1.888524365426096E+02 1 1.633710000000000E+01
6.158128997311328E+01 -5.000000000000000E+01 -1.746122193543332E+01 1.798346816689671E+02 1 1.809610000000000E+01
6.102943155555415E+01 3.723874847573976E+01 2.397791954993825E+02 1.779202286901318E+02 1 1.789750000000000E+01
1.209093154724129E+02 5.747129009774356E+01 8.163496009326407E+01 -4.757416443218907E-01 1 2.934650000000000E+01
5.980218493973850E+01 6.261759955089610E+01 2.146198547779360E+02 1.759259664809878E+02 1 1.591730000000000E+01
5.242904667400044E+01 5.880452497341667E+01 1.917437579156959E+02 1.796381728016675E+02 1 1.589990000000000E+01
5.673425073017309E+01 -5.000000000000000E+01 2.194869971846579E+02 1.806246800229136E+02 1 1.602690000000000E+01
6.274469148958650E+01 5.839907936399740E+01 1.656547764751879E+02 1.812045045783702E+02 1 1.608550000000000E+01
5.731542690207394E+01 6.283530307120642E+01 1.998940060885439E+02 1.805642801270960E+02 1 1.580400000000000E+01
5.351027171679619E+01 5.927234763071551E+01 2.316065480395965E+02 1.819729185919818E+02 1 1.621530000000000E+01
2.881097003620113E+02 5.543040846920444E+01 1.302185047262913E+02 1.852016609465184E+02 1 1.855600000000000E+01
5.486700195631470E+01 5.873782361611698E+01 1.093776753301153E+02 1.871390256665775E+02 1 1.664230000000000E+01
5.523676335428228E+01 6.137023637690615E+01 2.070915851230673E+02 1.797278159699740E+02 1 1.580080000000000E+01
5.484952773050347E+01 -5.000000000000000E+01 1.996669428434962E+02 1.787580473596484E+02 1 1.596310000000000E+01
5.952290706998836E+01 6.368549043722611E+01 1.373595859656855E+02 1.776979462553143E+02 1 1.608750000000000E+01
5.729272557100816E+01 6.100967689913546E+01 2.034417589937793E+02 1.793072702363682E+02 1 1.579880000000000E+01
5.707171014358823E+01 6.236326057338652E+01 2.064370994844739E+02 1.804651348641945E+02 1 1.579640000000000E+01
5.502107252264044E+01 -5.000000000000000E+01 2.031483633065595E+02 1.816499915683220E+02 1 1.596030000000000E+01
5.823962274264976E+01 -5.000000000000000E+01 2.055357663996894E+02 1.796512465359968E+02 1 1.594960000000000E+01
5.674285123575390E+01 5.601133664787584E+01 3.083256306946069E+01 1.795290570864931E+02 1 1.718750000000000E+01
2.626176465448872E+02 3.049912419236601E-01 2.837539865989774E+02 3.094578639148937E+01 1 4.398520000000000E+01
-5.000000000000000E+01 -1.151123239403239E+01 5.730017675500545E+01 -2.502712043231297E+00 1 2.419900000000000E+01
-2.394205354497631E+01 5.729040188320523E+01 7.701079032393690E+01 -8.096744942443566E-01 1 3.310340000000000E+01
1.628585382584539E+02 -2.492765549672910E+01 1.416857818877862E+02 -5.068352836193527E+00 1 2.536530000000000E+01
5.261491225249559E+01 -2.658844603899334E+01 1.797719776207988E+02 -1.679294176971693E+00 1 2.720870000000000E+01
5.623617572015901E+01 6.253348824348242E+01 2.037248308057151E+02 1.793763628549634E+02 1 1.579570000000000E+01
1.869713573823672E+02 4.151375184563795E+01 1.725070488014152E+02 1.697309864960079E+02 1 1.968260000000000E+01
5.614046012638731E+01 -5.000000000000000E+01 2.064433294120757E+02 1.795300183792992E+02 1 1.594470000000000E+01
-3.029198487715232E+01 7.000000000000000E+01 2.876973928994049E+02 6.195064348500650E+01 1 3.334010000000000E+01
1.064448332659181E+02 -8.337223408978031E-01 -3.448080640478693E+01 -2.978554334617582E+01 1 4.041560000000000E+01
2.642288407313083E+01 2.931417395232895E+01 2.928096697419944E+02 -6.872400894641959E+00 1 3.528440000000000E+01
2.168475028049563E+02 5.803423819763649E+00 1.010344128723711E+01 1.202078639799959E+02 1 3.397150000000000E+01
2.459863730124946E+02 -9.481751392315727E-01 2.492109082287799E+02 2.828332307701903E+02 1 4.560860000000000E+01
1.842498116154710E+02 5.933520699204372E+01 1.138373386310031E+02 -4.143433314349700E+01 1 2.258420000000000E+01
1.945243181964668E+02 7.000000000000000E+01 8.367030008246491E+01 2.010872577473287E+00 1 1.799270000000000E+01
2.143902769622861E+02 -1.612725838003585E+01 9.120341354586292E+01 8.547934977982200E+00 1 2.477770000000000E+01
1.766631001050735E+02 -4.492053665385646E+01 6.226467068311451E+01 -1.117702931953065E+01 1 2.216070000000000E+01
1.783832940696709E+02 -5.000000000000000E+01 1.044415465420354E+02 3.890456729448947E+01 1 2.681820000000000E+01
2.213903348581112E+02 4.878325978751489E+01 6.404308758346838E+01 -1.157732200180986E+01 1 2.085620000000000E+01
2.175529087492081E+02 5.020444494407625E+01 -6.039328491507815E+00 1.796020705863217E+02 1 2.323280000000000E+01
1.168127492258079E+02 1.611093574717320E+01 2.475928579249129E-01 6.502428596234448E+01 1 3.987600000000000E+01
1.877122851222527E+02 4.312215704459031E+01 9.232959068371389E+01 -4.350189360784489E+00 1 1.868060000000000E+01
1.970059748327152E+02 6.109803608415253E+01 1.095353058263692E+02 -8.585759302381048E+00 1 1.993940000000000E+01
