# input file for alanine 2D (d4-d13)

# optimization
userfn       userfn_2D.py
bounds       -50 310; -50 310
num_tasks    2
kernel       stdp
initpts      2 30
iterpts      50
verbosity    2
W_prior      gaussian
W_priorparam 10.757 4.226

thetaprior gamma
thetapriorparam 2 0.019; 3.3678 9.0204; 3.3678 9.0204
RESULTS:
-1.514032225975886E+01 1.086641300387676E+02 0 -2.029919892429517E+05 
9.912929865183963E+01 1.109544246554841E+02 0 -2.029929774476658E+05 
-5.000000000000000E+01 3.461847948240079E+01 1 3.072370000000000E+01 
1.274794877045916E+01 7.100677160157586E+01 1 3.509810000000000E+01 
6.042915245016319E+01 1.805210239665787E+02 1 1.748280000000000E+01 
7.688860739355715E+00 -1.658898839032370E+00 1 3.427170000000000E+01 
5.698247023167617E+00 1.856601339543762E+02 1 2.039480000000000E+01 
1.480125936238841E+02 2.351294566773226E+02 1 3.024710000000000E+01 
1.302105376615480E+02 -2.529493497650133E+01 1 3.516190000000000E+01 
-2.888451447484830E+01 2.814446920022727E+02 1 3.172710000000000E+01 
2.191351348055260E+02 2.407561620987888E+02 1 3.520890000000000E+01 
1.953210230262605E+02 1.015019661234834E+01 1 1.833200000000000E+01 
1.802763819146400E+02 1.724886280153546E+02 1 2.145230000000000E+01 
1.566125148701628E+02 1.443066871628253E+02 1 2.410820000000000E+01 
1.994913971279839E+02 7.499373762575489E+01 1 3.250400000000000E+01 
3.043353590807922E+02 1.253367483057289E+02 1 3.012330000000000E+01 
1.212692553348472E+01 1.532495264131579E+02 1 2.275060000000000E+01 
1.841058925919419E+02 1.340220737223559E+02 1 2.716830000000000E+01 
2.245576747599478E+02 -2.891774305649518E+01 1 2.527580000000000E+01 
2.632785555476207E+02 1.947534504053304E+02 1 2.593320000000000E+01 
1.182102623894192E+02 2.677448896400086E+02 1 3.551910000000000E+01 
1.820086608391110E+02 2.170306999394642E+02 1 2.654560000000000E+01 
2.380694558522311E+02 1.547872723923585E+01 1 2.154800000000000E+01 
1.225918405016252E+02 9.803710147006652E+01 1 3.304540000000000E+01 
-2.576451409847721E+01 2.140028412141170E+02 1 2.383870000000000E+01 
1.928908488214068E+02 8.075949265694650E+00 1 1.827350000000000E+01 
3.169357593176514E+01 1.116198344859140E+02 1 3.038550000000000E+01 
5.515225901529470E+01 3.095434426730145E+02 1 3.052130000000000E+01 
-3.162385063040629E+01 9.050719310151460E+01 1 3.627160000000000E+01 
-1.780119867368518E+00 2.979103796931860E+02 1 3.350200000000000E+01 
1.577316988104158E+02 9.135883592919551E+00 1 2.313780000000000E+01 
2.803860108714946E+02 1.547731366580112E+02 1 2.558500000000000E+01 
