# input file for alanine 2D (d4-d13)

# optimization
userfn       userfn_2D.py
bounds       -50 310; -50 310
num_tasks    2
kernel       stdp
initpts      2 30
iterpts      50
verbosity    2
kappa_prior  gamma
kappa_priorparam 1 71.428
W_prior      gaussian
W_priorparam 0 8.451
thetaprior gamma
thetapriorparam 2 0.019; 3.3678 9.0204; 3.3678 9.0204

RESULTS:
2.317156673551232E+01 2.464935376592014E+02 0 -2.029933307920898E+05 
-1.329919349208564E+01 2.544401800998018E+02 0 -2.029920481537290E+05 
1.992026792197794E+02 8.507567427879664E+00 1 1.838040000000000E+01 
-9.741131247373168E+00 2.645461604782208E+02 1 3.306190000000000E+01 
2.686371312649504E+02 1.141755406093036E+02 1 3.523220000000000E+01 
1.783698210948857E+02 5.380937899145418E+01 1 2.642730000000000E+01 
-3.769440269127409E+01 -1.095858031355921E+01 1 2.397960000000000E+01 
1.366648450346530E+02 2.512960297316069E+01 1 2.837480000000000E+01 
4.606424034081617E+01 -2.055161498317774E+01 1 2.758010000000000E+01 
2.185289825510579E+02 -3.176563187222913E+01 1 2.609860000000000E+01 
1.518863258258361E+00 9.812274775855066E+01 1 3.484030000000000E+01 
1.575765485777356E+01 7.384361967804293E+01 1 3.487190000000000E+01 
1.939645517938607E+02 6.509921585636723E+00 1 1.828110000000000E+01 
1.988699716406020E+01 1.580924129335687E+02 1 2.138450000000000E+01 
2.028854431949985E+02 3.026712275820855E+02 1 3.314530000000000E+01 
-3.515609876680251E+01 -4.438237042614692E+01 1 2.643190000000000E+01 
1.222751587794796E+02 3.008320590720907E+02 1 3.616050000000000E+01 
2.216464332142045E+02 3.648834309228397E+01 1 2.577530000000000E+01 
3.389239328248099E+01 1.849208975512854E+02 1 1.861620000000000E+01 
8.527343502388125E+01 1.894647692347940E+02 1 1.883870000000000E+01 
1.935836864396379E+02 8.918340005122062E+00 1 1.828150000000000E+01 
-5.000000000000000E+01 2.660311613148201E+02 1 3.116140000000000E+01 
2.202951956419090E+02 2.192102005715672E+02 1 3.095250000000000E+01 
-3.852405317854645E+01 2.361654436042740E+02 1 2.786140000000000E+01 
2.242189110875170E+02 -1.975910250517398E+00 1 1.979370000000000E+01 
1.028256240823759E+02 3.965227049781900E+01 1 3.402810000000000E+01 
8.730049715156615E+01 -3.285261825741021E+01 1 2.904760000000000E+01 
1.904756965853530E+02 9.073157295292102E+00 1 1.830160000000000E+01 
5.741701618308310E+01 1.795593219004623E+02 1 1.749290000000000E+01 
6.029895204786979E+01 1.802303922338381E+02 1 1.748200000000000E+01 
2.096648579694302E+02 1.233391421693442E+02 1 3.243970000000000E+01 
2.470469450359383E+02 1.449406440503986E+02 1 3.076820000000000E+01 
