# input file for alanine 2D (d4-d13)

# optimization
userfn       userfn_2D.py
bounds       -50 310; -50 310
num_tasks    2
kernel       stdp
initpts      2 30
iterpts      50
verbosity    2
kappa_prior  gamma
kappa_priorparam 1 71.428
W_prior      gaussian
W_priorparam 0 8.451
thetaprior gamma
thetapriorparam 2 0.019; 3.3678 9.0204; 3.3678 9.0204

RESULTS:
2.523483989173490E+01 1.829533048799838E+02 0 -2.030085991595958E+05 
4.064030267685070E-01 2.784043788110117E+02 0 -2.029895377101850E+05 
2.311283250953151E+01 1.559190835883686E+02 1 2.150540000000000E+01 
7.590145082795541E+01 2.535068046829810E+02 1 3.033060000000000E+01 
8.898294871578865E+01 6.917332074709944E+01 1 3.437500000000000E+01 
1.624909372080334E+02 8.605413316363381E+01 1 3.125190000000000E+01 
1.977511190317938E+02 1.083022028915488E+02 1 3.286550000000000E+01 
1.871632917680068E+02 -5.000000000000000E+01 1 3.151050000000000E+01 
2.349716858722847E+02 3.100000000000000E+02 1 3.158630000000000E+01 
7.760277327549235E+01 1.006337512333402E+02 1 3.175930000000000E+01 
6.520925423576529E+01 1.779920836328494E+02 1 1.755250000000000E+01 
2.618954488665306E+02 9.907204115617134E+01 1 3.761080000000000E+01 
1.667984213645332E+02 2.578419456626108E+02 1 3.450750000000000E+01 
2.397102126183168E+02 1.544052576937369E+02 1 2.918960000000000E+01 
-1.743942816485199E+01 1.442236308289148E+02 1 2.553480000000000E+01 
1.172124019265176E+02 5.668936863090718E+01 1 3.336830000000000E+01 
-2.788337479762696E+01 7.376243725659363E+01 1 3.714500000000000E+01 
2.275541172340677E+02 1.795396918707584E+02 1 2.659080000000000E+01 
1.924627507476990E+02 1.550791300758551E+02 1 2.435170000000000E+01 
-2.459618595866784E+01 -4.781350881057372E+01 1 2.874820000000000E+01 
5.569361659824573E+01 2.742309858497980E+02 1 3.221860000000000E+01 
3.039890161207784E+02 9.079824922339969E+01 1 3.575200000000000E+01 
2.684855892082005E+02 5.507913142337233E+01 1 3.297170000000000E+01 
6.645491046791862E+01 1.639601463747995E+02 1 1.856880000000000E+01 
1.422752297247839E+02 6.420933758216617E+01 1 3.081240000000000E+01 
-1.439793440498350E+01 1.123982996527955E+02 1 3.302130000000000E+01 
-4.772013759028373E+01 2.838518975511894E+02 1 3.039700000000000E+01 
5.977315410783531E+01 1.792036701644345E+02 1 1.748500000000000E+01 
1.431460670728844E+02 2.962925266643526E+02 1 3.678040000000000E+01 
2.284294060015965E+02 1.245155777244794E+02 1 3.441600000000000E+01 
2.980866428665533E+02 2.284693004897503E+01 1 2.528580000000000E+01 
5.870646521132165E+01 6.988000957782010E+01 1 3.253630000000000E+01 
