# input file for alanine 2D (d4-d13)

# optimization
userfn       userfn_2D.py
bounds       -50 310; -50 310
num_tasks    2
kernel       stdp
initpts      2 30
iterpts      50
verbosity    2
W_prior      gaussian
W_priorparam 10.757 4.226


RESULTS:
1.055637296010821E+02 2.481472896392099E+02 0 -2.029928970899740E+05 
2.483493588157728E+02 2.087645803808214E+02 0 -2.030023778291086E+05 
2.404988580820873E+02 5.889095537862055E+01 1 3.394830000000000E+01 
1.456859950467532E+02 2.586307099188263E+02 1 3.499530000000000E+01 
1.627111617368600E+01 2.009324007823771E+02 1 2.131530000000000E+01 
5.845553000070480E+01 1.806544939123415E+02 1 1.748580000000000E+01 
2.645545737578345E+02 6.926206809426100E+01 1 3.605560000000000E+01 
6.839299232618831E+01 2.714978706563202E+02 1 3.199440000000000E+01 
5.983166415195011E+01 2.370469726997866E+02 1 2.673750000000000E+01 
1.679722306601925E+02 -2.547450424075653E+01 1 2.778680000000000E+01 
1.672414696609162E+02 1.619701585774137E+02 1 2.154190000000000E+01 
1.687938477918861E+00 1.294256665181856E+02 1 2.867470000000000E+01 
3.040620095724422E+02 1.678507662063214E+02 1 2.152990000000000E+01 
7.181283655437946E+01 -3.990087300689417E+01 1 2.852260000000000E+01 
1.101316545758407E+02 6.334765389779869E+01 1 3.426670000000000E+01 
2.685934717604549E+02 2.038421242496793E+02 1 2.631750000000000E+01 
5.814315488904807E+01 1.315823923095865E+02 1 2.489190000000000E+01 
2.921230016605465E+02 2.310842242848174E+02 1 2.810160000000000E+01 
6.345146789551541E+01 1.843861406708284E+02 1 1.757570000000000E+01 
2.852624325844808E+02 -1.274416511079741E+01 1 1.858340000000000E+01 
1.974818625993047E+02 1.202707647820593E+01 1 1.848350000000000E+01 
1.392783379565355E+01 2.606816849727123E+02 1 3.313890000000000E+01 
-1.264869760403002E+01 -9.486561468543949E+00 1 3.207460000000000E+01 
5.997233064077095E+01 1.797788882102884E+02 1 1.748210000000000E+01 
3.100000000000000E+02 1.336140441609463E+02 1 2.799040000000000E+01 
2.356828711776346E+02 1.294212917519625E+02 1 3.390360000000000E+01 
-4.082732391403471E+01 6.952784546371353E+01 1 3.649950000000000E+01 
6.266586959272249E+01 7.312697083662493E+01 1 3.279070000000000E+01 
4.996391308400338E+01 1.704220578593184E+02 1 1.801690000000000E+01 
6.512468324837069E+00 2.914168051476224E+02 1 3.437490000000000E+01 
1.580979981264599E+02 1.252548903102423E+02 1 2.776870000000000E+01 
7.374579491230925E+01 -4.393570620174745E+00 1 2.579500000000000E+01 
