# input file for alanine 2D (d4-d13)

# optimization
userfn       userfn_2D.py
bounds       -50 310; -50 310
num_tasks    2
kernel       stdp
initpts      2 30
iterpts      50
verbosity    2
kappa_prior  gamma
kappa_priorparam 2 0.014


RESULTS:
1.375811572968999E+02 1.430090552991855E+02 0 -2.030016099997151E+05 
5.203852091295781E+01 2.893384936533767E+02 0 -2.029910552623971E+05 
1.256691161252590E+02 3.100000000000000E+02 1 3.594640000000000E+01 
1.164501320259021E+02 1.519047509872102E+02 1 2.303440000000000E+01 
3.045730280994054E+02 2.735308321972457E+02 1 3.117700000000000E+01 
2.335755129342426E+02 1.882905395612410E+02 1 2.713770000000000E+01 
2.082571761080742E+02 7.080650423836948E+01 1 3.306420000000000E+01 
3.272538012506892E+01 6.378470746021074E+01 1 3.267490000000000E+01 
1.944763727868010E+01 -2.615203263496482E+01 1 3.316680000000000E+01 
-7.655925201030965E+00 1.298645318529146E+02 1 2.889860000000000E+01 
1.947910328615876E+02 1.330867380053035E+02 1 2.856210000000000E+01 
2.013242767586787E+02 2.668220524990084E+02 1 3.666410000000000E+01 
2.652079184714871E+02 -3.983948810156829E+01 1 2.579170000000000E+01 
-1.457954175728018E+01 2.757752615555456E+02 1 3.316110000000000E+01 
1.133274921714315E+02 7.422997984649122E+01 1 3.436700000000000E+01 
-3.245647184616803E+01 1.636980375386246E+02 1 2.169640000000000E+01 
2.526989769279882E+01 1.289175631621424E+02 1 2.717740000000000E+01 
1.956440534015387E+02 1.960348245858092E+02 1 2.407580000000000E+01 
7.864508417578445E+01 2.910313583727372E+02 1 3.224040000000000E+01 
2.902786947925686E+02 -6.425060292041060E+00 1 1.859950000000000E+01 
6.022638965080213E+01 -1.712820729652936E+01 1 2.550960000000000E+01 
1.206143247008934E+02 2.232973909893838E+02 1 2.708510000000000E+01 
-1.262221609148830E+01 2.426651321622309E+02 1 2.999840000000000E+01 
2.898639772296285E+02 8.197151880596545E+00 1 2.038140000000000E+01 
-2.190814960183735E+01 -5.000000000000000E+01 1 2.950080000000000E+01 
8.173028610381081E+01 -4.286776121263371E+01 1 2.956330000000000E+01 
8.193707572471249E+01 1.357610034971604E+02 1 2.468460000000000E+01 
2.446571770284066E+02 7.908495131049960E+01 1 3.778340000000000E+01 
-5.000000000000000E+01 2.307055974048277E+02 1 2.687560000000000E+01 
1.858497855880497E+02 4.243567197831486E+01 1 2.381100000000000E+01 
-1.428751997891109E+01 1.881659832461740E+02 1 2.077410000000000E+01 
-3.249583647945472E+00 -3.522839081816802E+01 1 3.209450000000000E+01 
