# input file for alanine 2D (d4-d13)

# optimization
userfn       userfn_2D.py
bounds       -50 310; -50 310
num_tasks    2
kernel       stdp
initpts      2 30
iterpts      50
verbosity    2
kappa_fixto  0 0
W_rank       2
W_prior      gaussian
W_priorparam 7.606 4.226


RESULTS:
5.391419686646006E+01 2.426526198341404E+02 0 -2.029949329945683E+05 
-2.049774631690750E+01 1.339846317309994E+00 0 -2.029922191888410E+05 
2.469538185441257E+02 2.627888152990976E+02 1 3.772930000000000E+01 
2.846168265739982E+02 4.109217565701550E+01 1 2.926290000000000E+01 
2.592906611802513E+02 1.117409887186098E+02 1 3.643040000000000E+01 
-5.296593127622752E+00 3.265186492531032E+01 1 3.532080000000000E+01 
5.698247023167617E+00 1.856601339543762E+02 1 2.039480000000000E+01 
2.525918613492783E+02 2.268373104704419E+02 1 3.239770000000000E+01 
2.857726040480696E+01 2.439688916104977E+02 1 2.965010000000000E+01 
4.535137297670968E+01 1.904679883546329E+02 1 1.825840000000000E+01 
1.566125148701628E+02 1.443066871628253E+02 1 2.410820000000000E+01 
6.096382944843438E+01 2.369861313944480E+02 1 2.672180000000000E+01 
4.554190878419322E+01 7.887892211483869E+01 1 3.272340000000000E+01 
1.994913971279839E+02 7.499373762575489E+01 1 3.250400000000000E+01 
1.593537379508036E+02 6.866826455874155E+01 1 2.976660000000000E+01 
-2.280252358348821E+01 5.991019460309233E+01 1 3.697960000000000E+01 
6.503505741024408E+01 1.787625270333537E+02 1 1.753840000000000E+01 
9.771695302283300E+01 1.806690624643898E+02 1 1.938430000000000E+01 
1.928908488214068E+02 8.075949265694650E+00 1 1.827350000000000E+01 
9.475621377530015E+01 3.081697270290248E+02 1 3.218950000000000E+01 
7.888623899426373E+01 1.981079863223073E+02 1 1.931420000000000E+01 
8.297440499365359E+01 1.605731485502531E+02 1 1.978050000000000E+01 
2.380694558522311E+02 1.547872723923585E+01 1 2.154800000000000E+01 
7.470420929523938E+01 9.051817233433573E+01 1 3.278280000000000E+01 
2.799740734918341E+02 7.224978698309029E+01 1 3.581180000000000E+01 
7.688860739355715E+00 -1.658898839032370E+00 1 3.427170000000000E+01 
-6.394861116073806E+00 1.127176832865658E+02 1 3.277710000000000E+01 
2.274022440031548E+01 -3.438406867002013E+01 1 3.306730000000000E+01 
1.900995527703734E+02 5.637846969016169E+00 1 1.835810000000000E+01 
1.182102623894192E+02 2.677448896400086E+02 1 3.551910000000000E+01 
1.802763819146400E+02 1.724886280153546E+02 1 2.145230000000000E+01 
2.432366471253416E+02 1.530988282137865E+02 1 2.937670000000000E+01 
