# input file for alanine 4D

# optimization
userfn       userfn_4D.py
bounds       -50 310; -50 70; -50 310; -50 310
kernel       stdp
data_sources 2
initpts 2 5
iterpts      100
verbosity    2

RESULTS:
-5.000000000000000E+01 -5.000000000000000E+01 -5.000000000000000E+01 -5.000000000000000E+01 0 3.416900000000000E+01
1.300000000000000E+02 1.000000000000000E+01 1.300000000000000E+02 1.300000000000000E+02 0 3.298980000000000E+01
-5.000000000000000E+01 -5.000000000000000E+01 -5.000000000000000E+01 -5.000000000000000E+01 1 -8.802466732826000E+03
1.300000000000000E+02 1.000000000000000E+01 1.300000000000000E+02 1.300000000000000E+02 1 -8.802391830756000E+03
5.468926769222378E+01 6.394345192138684E+01 2.699116716195164E+02 1.022379322298639E+01 1 -8.802862853488999E+03
5.455326365905901E+01 6.701766256398881E+01 2.610720023238399E+02 6.215864929869689E+01 1 -8.802538583153000E+03
1.111569549305332E+02 5.031649461310443E+01 5.159693796799243E+01 -1.935886713544659E+01 1 -8.802597435911999E+03
8.411696472959207E+01 6.236841658025698E+01 2.968697094674554E+02 -1.101808654609709E+01 1 -8.802786689551000E+03
