# input file for alanine 2D (d4-d13)

# optimization
userfn       userfn_2D.py
bounds       -50 310; -50 310
num_tasks    2
kernel       stdp
initpts      2 30
iterpts      50
verbosity    2
kappa_fixto  0 0
W_rank       2
W_prior      gaussian
W_priorparam 7.606 4.226


RESULTS:
2.403002623698817E+02 3.040200209145627E+02 0 -2.029955279492277E+05 
1.708925375940320E+02 3.775657449876000E+01 0 -2.030027923765042E+05 
2.328956334808438E+02 9.878401395040927E+01 1 3.790890000000000E+01 
3.098294646281906E+02 7.124399875668989E+01 1 3.602390000000000E+01 
2.857500719169532E+02 4.692171386978801E+01 1 3.091370000000000E+01 
1.997772284634498E+02 6.495393404426026E+00 1 1.837280000000000E+01 
-4.214168152678181E+01 3.542817751365017E+01 1 3.249140000000000E+01 
2.486481862096680E+02 5.418106169864420E+01 1 3.294830000000000E+01 
2.133071716164087E+02 2.513596410995452E+02 1 3.637970000000000E+01 
2.598202280452936E+02 2.784721837165461E+02 1 3.584050000000000E+01 
-3.825063842870574E+01 2.528558010055786E+02 1 3.041800000000000E+01 
2.105758631456063E+02 1.755001054193273E+02 1 2.491560000000000E+01 
3.100000000000000E+02 -4.228778554496076E+01 1 2.422220000000000E+01 
5.591358769744662E+01 1.492626986703662E+02 1 2.092910000000000E+01 
1.914431289786917E+02 1.999894160755989E+02 1 2.414290000000000E+01 
2.017365360015895E+02 7.114480277127065E+01 1 3.219720000000000E+01 
1.965816916700333E+02 1.151481856834913E+02 1 3.187520000000000E+01 
7.901694875897162E+01 9.743184091535629E+01 1 3.226980000000000E+01 
1.626403977320124E+01 7.339345096386134E+01 1 3.480830000000000E+01 
1.502547386323948E+02 2.016415024054583E+02 1 2.269530000000000E+01 
-3.387780199527309E+01 1.853399893450950E+02 1 2.039190000000000E+01 
-1.376623841483436E+01 1.527053181762298E+02 1 2.370960000000000E+01 
1.862539363022779E+02 1.528633791068341E+02 1 2.398630000000000E+01 
8.968115878926124E+00 2.892849590596687E+02 1 3.451470000000000E+01 
1.745302669907999E+02 9.220272715966067E+01 1 3.147200000000000E+01 
1.520323237974453E+01 1.203004019056001E+02 1 2.993240000000000E+01 
2.134684719443365E+02 2.314460228338414E+01 1 2.131750000000000E+01 
6.196151339364150E+01 -3.572723905272900E+01 1 2.798910000000000E+01 
-5.000000000000000E+01 2.246006127012542E+02 1 2.569810000000000E+01 
2.724691568853326E+02 -1.002729913760828E+01 1 1.885160000000000E+01 
1.631484066781562E+02 5.454551894132226E+01 1 2.702380000000000E+01 
4.899488118808668E+01 8.192247286362235E+00 1 2.511660000000000E+01 
