# input file for alanine 2D (d4-d13)

# optimization
userfn       userfn_2D.py
bounds       -50 310; -50 310
num_tasks    2
kernel       stdp
initpts      2 30
iterpts      50
verbosity    2
kappa_fixto  0 0
W_rank       2
W_prior      gaussian
W_priorparam 7.606 4.226
thetaprior gamma
thetapriorparam 2 0.019; 3.3678 9.0204; 3.3678 9.0204

RESULTS:
1.141678350693727E+02 2.556231488267731E+02 0 -2.029913129180151E+05 
-4.873311753957053E-01 1.134086945192221E+02 0 -2.029930716796162E+05 
4.268477239925189E+01 1.585845895949206E+02 1 1.971440000000000E+01 
4.719398261898930E+01 1.131212335923429E+02 1 2.919540000000000E+01 
2.308511170571288E+02 1.499187654932705E+02 1 2.968460000000000E+01 
-3.437722588369996E+01 3.172761630840171E+01 1 3.345590000000000E+01 
1.922252017086743E+02 9.484580445666705E+00 1 1.829070000000000E+01 
3.310803049862162E+01 -1.970722520460363E+01 1 3.020540000000000E+01 
1.701437662749357E+02 1.092791285309866E+02 1 3.032500000000000E+01 
1.178829929871269E+02 1.397128915621133E+00 1 3.486660000000000E+01 
-1.240613019374649E+01 2.799205684233568E+02 1 3.331090000000000E+01 
1.333303175214321E+02 9.541241458473220E+01 1 3.271600000000000E+01 
2.032199641082011E+02 1.717615580904043E+02 1 2.407870000000000E+01 
9.629617753459879E+00 2.334112956796749E+02 1 2.825460000000000E+01 
5.943702833479887E+01 1.800178471848749E+02 1 1.748180000000000E+01 
7.508036982172278E+01 -2.851256439544188E+01 1 2.712460000000000E+01 
2.859769430833884E+02 -1.514713460813317E+01 1 1.876190000000000E+01 
2.654268318872246E+02 1.364630097365977E+02 1 3.109370000000000E+01 
6.154709439419600E+01 1.807667659844327E+02 1 1.748860000000000E+01 
1.604976143323062E+02 2.302382404661301E+02 1 2.896510000000000E+01 
2.421534465069330E+02 2.633352269557053E+02 1 3.805900000000000E+01 
1.092500326709671E+02 6.284364719846172E+01 1 3.429970000000000E+01 
-4.685282731242371E+00 1.856267028856691E+02 1 2.065860000000000E+01 
1.406925824606882E+02 1.317925859976203E+02 1 2.689540000000000E+01 
2.145277872000365E+02 9.290392805891857E+01 1 3.603940000000000E+01 
1.149075584475451E+02 2.992958553003366E+02 1 3.553790000000000E+01 
-2.994573310789564E+01 2.397044364442845E+02 1 2.874460000000000E+01 
3.059785896781311E+02 -4.339099429078222E+01 1 2.419530000000000E+01 
6.109549468407945E+01 1.774264076147598E+02 1 1.751380000000000E+01 
2.630457253888229E+02 2.311458897185927E+02 1 3.201620000000000E+01 
2.669721009479486E+02 2.889923123907986E+02 1 3.341950000000000E+01 
1.286861430063938E+02 1.603942857421708E+02 1 2.188590000000000E+01 
