# input file for alanine 2D (d4-d13)

# optimization
userfn       userfn_2D.py
bounds       -50 310; -50 310
num_tasks    2
kernel       stdp
initpts      2 30
iterpts      50
verbosity    2
kappa_prior  gamma
kappa_priorparam 1 71.428
W_prior      gaussian
W_priorparam 0 8.451
thetaprior gamma
thetapriorparam 2 0.019; 3.3678 9.0204; 3.3678 9.0204

RESULTS:
3.045215965419672E+02 2.059399399174906E+02 0 -2.030049967056361E+05 
2.163076039397753E+02 -4.688190112052639E+01 0 -2.029968654909635E+05 
2.167955698470043E+02 1.387537724815103E+02 1 3.047570000000000E+01 
-3.528826694575670E+01 1.324129516053536E+02 1 2.824210000000000E+01 
2.134920963849957E+02 1.992125972061478E+02 1 2.668570000000000E+01 
2.384382194488800E+02 -5.000000000000000E+01 1 3.143720000000000E+01 
2.200722394290956E+01 2.522219928461768E+02 1 3.158400000000000E+01 
1.107656515665376E+02 2.024311147449125E+02 1 2.220330000000000E+01 
2.414899842558592E+02 -2.053037380412469E+01 1 2.265830000000000E+01 
2.663121564070917E+02 3.191831129929736E+01 1 2.611900000000000E+01 
2.605233303706150E+02 2.255213000108409E+02 1 3.126130000000000E+01 
1.633279245014400E+00 -3.884548532590329E+01 1 3.282670000000000E+01 
-1.427446353289808E+01 4.174594192862529E+01 1 3.613940000000000E+01 
1.557008227301396E+02 7.038791707487948E+01 1 3.024530000000000E+01 
9.192420400168466E+01 -2.614652511495762E+01 1 2.937700000000000E+01 
7.689094189766760E+01 3.100000000000000E+02 1 3.017020000000000E+01 
-2.489846630344815E+01 -2.772919909264966E+01 1 2.698230000000000E+01 
1.916551002359537E+02 -7.499729329496081E-02 1 1.871710000000000E+01 
1.910921631538376E+02 1.164868779758464E+01 1 1.836240000000000E+01 
2.791847904448047E+02 1.913042997074479E+02 1 2.350410000000000E+01 
2.362775917629587E+02 1.313353641680004E+01 1 2.107620000000000E+01 
1.258367600224263E+02 2.562031876097404E+02 1 3.444170000000000E+01 
3.027896553686465E+02 2.371684695961294E+02 1 2.834810000000000E+01 
2.883995975403627E+01 2.188382850275570E+02 1 2.394070000000000E+01 
2.955349971234057E+02 1.018186031159146E+02 1 3.487560000000000E+01 
1.512155932670145E+02 1.074975136535278E+01 1 2.490020000000000E+01 
2.114950122911007E+02 2.719519749147110E+02 1 3.748570000000000E+01 
2.866833150192480E+02 2.634085144986474E+02 1 3.262430000000000E+01 
2.916454552350029E+02 1.476840514011720E+02 1 2.575580000000000E+01 
2.140099715079335E+02 6.460438156294524E+01 1 3.264670000000000E+01 
2.338331105629269E+00 2.728311153802101E+02 1 3.413240000000000E+01 
1.002417673714342E+02 2.353078636945195E+02 1 2.859040000000000E+01 
