# input file for alanine 2D (d4-d13)

# optimization
userfn       userfn_2D.py
bounds       -50 310; -50 310
num_tasks    2
kernel       stdp
initpts      2 30
iterpts      50
verbosity    2
W_prior      gaussian
W_priorparam 10.757 4.226


RESULTS:
1.261194782799131E+02 -9.943045825105997E+00 0 -2.029908910524417E+05 
1.099250017328689E+02 2.455067065758348E+02 0 -2.029933918050618E+05 
-1.163207760128404E+01 1.457500356300574E+01 1 3.519700000000000E+01 
2.480976306978363E+02 -3.429623232262702E+01 1 2.600490000000000E+01 
2.588539101510534E+02 2.686387228834718E+02 1 3.651500000000000E+01 
2.261166950961191E+02 1.903126152111622E+02 1 2.691330000000000E+01 
1.950860867141029E+02 2.924609414088414E+02 1 3.486130000000000E+01 
1.410836525163337E+02 1.322093437766827E+02 1 2.679940000000000E+01 
6.699179132503319E+01 4.925602317775337E+01 1 3.143790000000000E+01 
6.827351333256128E+01 1.740281943698574E+02 1 1.775650000000000E+01 
1.639877536819437E+02 9.718440915102458E+01 1 3.120640000000000E+01 
5.459047226081950E+01 1.858201626317949E+02 1 1.765700000000000E+01 
2.970811266738602E+02 4.663177609239975E+01 1 3.161140000000000E+01 
1.598671401868443E+02 2.773583062439650E+02 1 3.626970000000000E+01 
-4.621116331382918E+01 2.328595939296580E+02 1 2.721530000000000E+01 
8.713663235759616E+01 1.207210978866211E+01 1 3.067240000000000E+01 
2.602751782682790E+02 2.456046891587974E+01 1 2.391060000000000E+01 
2.093338122434390E+02 1.638285615757872E+01 1 1.968620000000000E+01 
3.116634763665223E+01 2.335737742128757E+01 1 2.821510000000000E+01 
2.615791394172345E+02 1.876313474115512E+02 1 2.563610000000000E+01 
9.688699946480916E+01 8.184987819800064E+01 1 3.443400000000000E+01 
-1.963704196399276E+01 2.590673959292185E+02 1 3.199330000000000E+01 
4.248280340863217E+01 1.727181372189536E+02 1 1.819960000000000E+01 
1.716067645510545E+02 1.331004884400695E+01 1 1.987570000000000E+01 
7.338745193828771E+01 1.885131229482383E+02 1 1.807190000000000E+01 
2.723435220511499E+02 2.297904677017433E+02 1 3.044620000000000E+01 
6.743998051616295E+01 9.082281675487636E+01 1 3.241150000000000E+01 
-3.521610113326017E+01 2.976836000608135E+02 1 2.937190000000000E+01 
-2.540428067484357E+01 6.001952586212804E+01 1 3.692300000000000E+01 
4.084891925369716E+01 2.574164794766283E+02 1 3.129740000000000E+01 
1.416811486348085E+02 -2.151555370973160E+01 1 3.344070000000000E+01 
1.785977264800155E+02 2.567425074235730E+02 1 3.448340000000000E+01 
