# input file for alanine 2D (d4-d13)

# optimization
userfn       userfn_2D.py
bounds       -50 310; -50 310
num_tasks    2
kernel       stdp
initpts      2 30
iterpts      50
verbosity    2
kappa_prior  gamma
kappa_priorparam 2 0.014
thetaprior gamma
thetapriorparam 2 0.019; 3.3678 9.0204; 3.3678 9.0204

RESULTS:
-1.671261206783056E+01 1.486211335169084E+02 0 -2.030032044080138E+05 
7.884360609202581E+01 1.801033417776765E+02 0 -2.030093332389620E+05 
2.011929766617811E+02 5.326022232928290E+00 1 1.842480000000000E+01 
2.692799957677265E+02 8.874011396704135E+01 1 3.740830000000000E+01 
2.496807789418974E+01 2.697763432018356E+02 1 3.368460000000000E+01 
2.454445193785675E+02 1.555717183544579E+02 1 2.891620000000000E+01 
2.776369427955391E+02 1.305647505232627E+02 1 3.101620000000000E+01 
9.498755542820837E+01 2.635039321813874E+02 1 3.309100000000000E+01 
-1.836885118640919E+01 1.602840173343710E+01 1 3.450490000000000E+01 
2.733317824264257E+02 2.012816294914454E+02 1 2.530610000000000E+01 
2.415146128988662E+02 2.315275268617737E+02 1 3.404450000000000E+01 
1.098851808053163E+02 1.702809552635187E+02 1 2.044860000000000E+01 
3.100000000000000E+02 -4.532895330430266E+01 1 2.485810000000000E+01 
2.286176937977613E+01 1.216323012656379E+02 1 2.903350000000000E+01 
2.379650768964213E+02 1.151445187784635E+02 1 3.650620000000000E+01 
2.716619096516387E+02 2.442692543417370E+02 1 3.300980000000000E+01 
2.089515617703222E+02 2.905337684952519E+02 1 3.572560000000000E+01 
1.817696532997959E+02 2.660194610079851E+02 1 3.550660000000000E+01 
1.927084345013648E+02 1.330857655768402E+02 1 2.829740000000000E+01 
2.174725811786777E+02 1.532775546942807E+02 1 2.792680000000000E+01 
-1.880645155551236E+00 3.095580122936368E+02 1 3.277830000000000E+01 
6.431502668372113E+01 2.486791244365963E+02 1 2.913940000000000E+01 
1.413786350706640E+02 1.542801502698553E+02 1 2.262390000000000E+01 
-5.000000000000000E+01 2.271407652957551E+02 1 2.619080000000000E+01 
-6.892811198738104E+00 2.013687713204838E+02 1 2.206600000000000E+01 
-2.286347342676286E+01 1.680060153586968E+02 1 2.128690000000000E+01 
6.595232730060489E+01 1.897799013710460E+02 1 1.790890000000000E+01 
2.043078998521580E+02 2.544189209198870E+02 1 3.594440000000000E+01 
2.936457869500266E+02 2.709391428670286E+02 1 3.189680000000000E+01 
-4.284049297172493E+01 3.537391371227170E+01 1 3.233890000000000E+01 
5.353179895888383E+01 1.798649196740286E+01 1 2.578790000000000E+01 
-4.333577617715368E+01 1.326416345788285E+02 1 2.815350000000000E+01 
