# input file for alanine 2D (d4-d13)

# optimization
userfn       userfn_2D.py
bounds       -50 310; -50 310
num_tasks    2
kernel       stdp
initpts      2 30
iterpts      50
verbosity    2
kappa_prior  gamma
kappa_priorparam 1 71.428
W_prior      gaussian
W_priorparam 0 8.451
thetaprior gamma
thetapriorparam 2 0.019; 3.3678 9.0204; 3.3678 9.0204

RESULTS:
1.780633320238373E+02 1.502815923405793E+02 0 -2.030035648709534E+05 
-2.842717706178433E+01 2.915966707533544E+02 0 -2.029931014821537E+05 
-2.216345785897877E+01 2.763702841943965E+02 1 3.250710000000000E+01 
1.920970648660485E+02 8.531184703149115E+00 1 1.827930000000000E+01 
-2.236348742225876E+00 7.511404838381942E+01 1 3.653160000000000E+01 
2.415981210806574E+02 2.353288027047397E+02 1 3.476310000000000E+01 
2.400667292540456E+02 7.260599171512061E+00 1 2.040290000000000E+01 
4.293940827872904E+01 2.921039072630676E+02 1 3.296330000000000E+01 
1.942248287698588E+02 9.011020639391492E+01 1 3.312520000000000E+01 
2.724055881758078E+02 1.534614200262767E+02 1 2.681030000000000E+01 
2.657490682810803E+02 3.052250679872107E+02 1 2.996530000000000E+01 
2.396855959762866E+02 9.710535887537188E+01 1 3.829870000000000E+01 
2.005805840682784E+02 -2.273244574120715E+00 1 1.888140000000000E+01 
1.756558431057712E+02 6.233469661234127E+01 1 2.825720000000000E+01 
1.672414696609162E+02 1.619701585774137E+02 1 2.154190000000000E+01 
2.522439377639005E+02 -4.668879674518096E+00 1 1.981820000000000E+01 
2.002181492622130E+02 2.068129341493961E+02 1 2.629250000000000E+01 
2.732233640716567E+02 1.249915977844932E+02 1 3.270700000000000E+01 
3.700429695139697E+01 1.807705894033385E+02 1 1.831900000000000E+01 
-1.889400953818665E+01 1.978287731162613E+02 1 2.150050000000000E+01 
1.416906103028109E+02 7.145465681170521E+01 1 3.165820000000000E+01 
6.839299232618831E+01 2.714978706563202E+02 1 3.199440000000000E+01 
-1.574154204340071E+00 1.691503307868470E+02 1 2.109960000000000E+01 
-2.635111453167939E+01 1.088869988417420E+02 1 3.371470000000000E+01 
1.456859950467532E+02 2.586307099188263E+02 1 3.499530000000000E+01 
9.136596241899068E+01 2.988096116714140E+02 1 3.271210000000000E+01 
2.059849463883597E+02 1.531494045819789E+02 1 2.644810000000000E+01 
1.100524956602173E+02 1.800898688382389E+02 1 2.015310000000000E+01 
1.798658395398555E+02 2.399341960792678E+02 1 3.159990000000000E+01 
1.627111617368600E+01 2.009324007823771E+02 1 2.131530000000000E+01 
3.241840980295920E+01 5.144585697698759E+01 1 3.135140000000000E+01 
2.091056402496608E+02 2.752663537330485E+02 1 3.723110000000000E+01 
