# input file for alanine 2D (d4-d13)

# optimization
userfn       userfn_2D.py
bounds       -50 310; -50 310
num_tasks    2
kernel       stdp
initpts      2 30
iterpts      50
verbosity    2
thetaprior gamma
thetapriorparam 2 0.019; 3.3678 9.0204; 3.3678 9.0204


RESULTS:
1.428295217426959E+02 1.777093982945467E+01 0 -2.029971204870255E+05 
2.912235040686407E+01 2.499730364501757E+02 0 -2.029925735126196E+05 
-2.459618595866784E+01 -4.781350881057372E+01 1 2.874820000000000E+01 
3.100000000000000E+02 1.227338267773468E+02 1 3.058950000000000E+01 
1.872597048823208E+02 6.909574430776905E+01 1 3.015620000000000E+01 
-9.887551075082138E+00 1.826255352840071E+02 1 2.063440000000000E+01 
2.455155319418745E+02 2.611577790321213E+02 1 3.777320000000000E+01 
2.917387563676889E+02 -1.707577416064792E+01 1 1.899000000000000E+01 
9.902490628839941E+01 -5.000000000000000E+01 1 3.260450000000000E+01 
1.161153762461188E+02 2.656417416828926E+02 1 3.516820000000000E+01 
2.311687890633063E+02 8.041819076830168E+01 1 3.726360000000000E+01 
1.389102890964072E+02 1.121222309298393E+02 1 3.058760000000000E+01 
5.842700649841421E+01 1.804041243106341E+02 1 1.748520000000000E+01 
1.127367955946032E+02 1.371927607363282E+01 1 3.447900000000000E+01 
1.768658678788287E+02 1.750870580924186E+02 1 2.113520000000000E+01 
-3.581707212137231E+01 2.099032121448610E+02 1 2.289830000000000E+01 
2.977858808280365E+02 3.082193371971534E+02 1 2.603470000000000E+01 
1.548836600078927E+02 1.416222864499813E+02 1 2.462830000000000E+01 
4.082124710276335E+01 -7.433623008328212E-01 1 2.639670000000000E+01 
3.014861217147193E+01 3.100000000000000E+02 1 3.315270000000000E+01 
2.910636168684762E+02 2.189648715809818E+02 1 2.590880000000000E+01 
-4.772013759028373E+01 2.838518975511894E+02 1 3.039700000000000E+01 
2.494583715894764E+02 1.343374527377835E+01 1 2.129380000000000E+01 
3.067554589712449E+02 5.250332798309383E+01 1 3.377890000000000E+01 
2.397102126183168E+02 1.544052576937369E+02 1 2.918960000000000E+01 
1.924627507476990E+02 1.550791300758551E+02 1 2.435170000000000E+01 
5.346085620261473E+01 -4.314669715483494E+01 1 2.972780000000000E+01 
2.857229345557826E+02 1.878667660155045E+02 1 2.247760000000000E+01 
3.554923536864763E+01 1.076480782060228E+02 1 3.080860000000000E+01 
1.165718281814312E+02 1.383733041897559E+02 1 2.575710000000000E+01 
5.580939854542305E+01 2.282484205993557E+02 1 2.475980000000000E+01 
1.871632917680068E+02 -5.000000000000000E+01 1 3.151050000000000E+01 
