# input file for alanine 2D (d4-d13)

# optimization
userfn       userfn_2D.py
bounds       -50 310; -50 310
num_tasks    2
kernel       stdp
initpts      2 30
iterpts      50
verbosity    2
thetaprior gamma
thetapriorparam 2 0.019; 3.3678 9.0204; 3.3678 9.0204


RESULTS:
2.943062694462060E+02 3.008347379542799E+02 0 -2.029975181249429E+05 
4.640441469074737E+01 2.632420755780506E+02 0 -2.029906425880621E+05 
-3.011515243377619E+01 9.068604253105684E+01 1 3.628750000000000E+01 
1.577842539333380E+02 1.314451648649854E+02 1 2.659050000000000E+01 
-5.000000000000000E+01 1.219820880219572E+02 1 3.076200000000000E+01 
2.400856939360153E+02 -8.437986253547301E+00 1 2.054240000000000E+01 
6.016957908409309E+01 1.793527271423208E+02 1 1.748430000000000E+01 
4.582335379858628E+01 1.715361577480495E+02 1 1.810390000000000E+01 
-2.945710356804431E+01 2.035408049474451E+00 1 2.892510000000000E+01 
1.780307859786547E+02 9.782369347815009E+01 1 3.155060000000000E+01 
9.763757093025573E+01 1.536605434192834E+02 1 2.185770000000000E+01 
3.043416237144690E+01 -2.052707946135224E+01 1 3.089350000000000E+01 
1.141708230196879E+02 1.826091743518638E+02 1 2.039420000000000E+01 
1.919761492807872E+00 2.492651599552828E+02 1 3.152000000000000E+01 
1.903948409481227E+02 1.574281704765005E+02 1 2.377750000000000E+01 
1.549245915438394E+02 -1.796754484789531E+01 1 2.935680000000000E+01 
2.010190518566523E+02 1.309976172674136E+02 1 2.980640000000000E+01 
2.029103968570865E+02 6.246650417169252E+01 1 3.060620000000000E+01 
2.022201354125872E+02 2.947982954545620E+02 1 3.471620000000000E+01 
3.131654097968707E+01 1.689636830579990E+01 1 2.789380000000000E+01 
2.680606678472414E+02 2.544840291076413E+02 1 3.472370000000000E+01 
5.971720611476171E+01 -4.721820698607808E+01 1 2.979200000000000E+01 
2.388514945467017E+02 2.110722292752206E+02 1 3.009360000000000E+01 
2.233894845804308E+02 9.115789053387527E+01 1 3.714770000000000E+01 
1.726319838045582E+02 2.061540816355336E+02 1 2.375640000000000E+01 
2.590826506244237E+02 1.510926123379678E+02 1 2.876600000000000E+01 
-1.553278942221307E+01 2.090589833212071E+02 1 2.319320000000000E+01 
5.857272473005901E+01 1.793508005200950E+02 1 1.748660000000000E+01 
9.973199061303664E+01 9.371487208670027E+01 1 3.365430000000000E+01 
-6.990074284681822E-01 -9.382601510610801E+00 1 3.422250000000000E+01 
1.234362004208246E+02 1.170584329637193E+02 1 3.025770000000000E+01 
1.012405253395399E+02 2.445851507957852E+02 1 3.068260000000000E+01 
