# input file for alanine 4D

# optimization
userfn       userfn_4D.py
bounds       -50 310; -50 70; -50 310; -50 310
kernel       stdp
data_sources 2
initpts 2 25
iterpts      100
verbosity    2

RESULTS:
-5.000000000000000E+01 -5.000000000000000E+01 -5.000000000000000E+01 -5.000000000000000E+01 0 3.416900000000000E+01
1.300000000000000E+02 1.000000000000000E+01 1.300000000000000E+02 1.300000000000000E+02 0 3.298980000000000E+01
-5.000000000000000E+01 -5.000000000000000E+01 -5.000000000000000E+01 -5.000000000000000E+01 1 -8.802466732826000E+03
1.300000000000000E+02 1.000000000000000E+01 1.300000000000000E+02 1.300000000000000E+02 1 -8.802391830756000E+03
5.468926769222378E+01 6.394345192138684E+01 2.699116716195164E+02 1.022379322298639E+01 1 -8.802862853488999E+03
5.455326365905901E+01 6.701766256398881E+01 2.610720023238399E+02 6.215864929869689E+01 1 -8.802538583153000E+03
1.111569549305332E+02 5.031649461310443E+01 5.159693796799243E+01 -1.935886713544659E+01 1 -8.802597435911999E+03
8.411696472959207E+01 6.236841658025698E+01 2.968697094674554E+02 -1.101808654609709E+01 1 -8.802786689551000E+03
5.354989116769312E+01 5.202204603095976E+01 2.478564439066465E+02 -1.353733611022163E+01 1 -8.802861866435000E+03
4.266696638480153E+01 3.422389723339117E+01 2.770772446630813E+02 3.100000000000000E+02 1 -8.802448805321999E+03
2.531586719028318E+02 2.389073991688029E+01 1.593013207083737E+02 -1.886357110509495E+01 1 -8.802557660910999E+03
-1.584583541486175E+01 -2.269537106310914E+01 1.194096166530964E+02 2.154862722271208E+02 1 -8.802717587263000E+03
7.273098961570196E+01 6.750760849827353E+01 2.243598668792969E+02 -1.300025477600023E+01 1 -8.802906623768000E+03
1.020597544818629E+02 5.387321847776377E+01 2.284763557091272E+02 9.866235671693811E+00 1 -8.802880406662000E+03
1.294562989907234E+02 6.010751899869403E+01 2.083604029312648E+02 3.100000000000000E+02 1 -8.802619610004000E+03
3.572598832588847E+01 5.771045875652261E+01 1.859021695059791E+02 6.999747040697493E+00 1 -8.802871803931999E+03
5.484288940932868E+01 -2.555224338408656E+01 2.097288336759611E+02 4.264506371835291E+00 1 -8.802849849050999E+03
6.161795228756884E+01 1.770033253058218E+01 2.249586923354851E+02 1.305706948874169E+01 1 -8.802796522246999E+03
1.658881719173925E+02 -2.903074305827860E+01 2.527347704575266E+02 5.654926771951050E+00 1 -8.802675498883000E+03
-5.000000000000000E+01 -5.000000000000000E+01 4.651402218383893E-03 1.806908229335183E+02 1 -8.803047965070000E+03
2.720391638855489E+02 4.759307580726772E+01 -3.096155086972266E+01 1.824283118192733E+02 1 -8.803045561984000E+03
2.485003797112325E+02 -3.524721885292058E+01 3.080286920265156E+02 1.834276859623915E+02 1 -8.802909642526000E+03
-7.289076173301507E-01 5.444463632608343E+01 2.960029059563003E+02 1.870320884216839E+02 1 -8.803032862767001E+03
-4.116807807677135E+01 5.803062372528011E+01 3.100000000000000E+02 1.486783652993315E+02 1 -8.802847165511999E+03
3.077997553106960E+02 5.531090436506324E+01 -1.639301775418239E+01 2.179600812195098E+02 1 -8.802763039979000E+03
1.003880514638007E+02 5.628642065087881E+01 -5.349590147111008E+00 1.807965850690294E+02 1 -8.803075287111000E+03
2.011170470864240E+02 5.618213856214777E+01 7.210705853699683E+01 1.819118552058097E+02 1 -8.803059452908999E+03
9.604080596905343E+00 3.664803939428025E+01 5.483791873413458E+01 1.795508063720839E+02 1 -8.803048091945000E+03
