# input file for alanine 4D

# optimization
userfn       userfn_4D.py
bounds       -50 310; -50 70; -50 310; -50 310
kernel       stdp
data_sources 2
initpts 2 5
iterpts      100
verbosity    2


RESULTS:
-5.000000000000000E+01 -5.000000000000000E+01 -5.000000000000000E+01 -5.000000000000000E+01 0 -8.802717291674000E+03
1.300000000000000E+02 1.000000000000000E+01 1.300000000000000E+02 1.300000000000000E+02 0 -8.802640357946000E+03
-5.000000000000000E+01 -5.000000000000000E+01 -5.000000000000000E+01 -5.000000000000000E+01 1 -8.802466732826000E+03
1.300000000000000E+02 1.000000000000000E+01 1.300000000000000E+02 1.300000000000000E+02 1 -8.802391830756000E+03
3.078958079356198E+02 -1.440166822106385E+01 -2.729273814129908E+01 2.148718113365521E+01 1 -8.802634826079000E+03
-5.948364909367658E+00 -1.612381630688262E+01 2.887797590081158E+02 5.997648479951751E+01 1 -8.802229746330000E+03
5.945904231579529E+01 2.472685403189485E+00 -1.300601246740191E+01 4.612177194755883E+00 1 -8.802711906263001E+03
