# input file for alanine 2D (d4-d13)

# optimization
userfn       userfn_2D.py
bounds       -50 310; -50 310
num_tasks    2
kernel       stdp
initpts      2 30
iterpts      50
verbosity    2
kappa_prior  gamma
kappa_priorparam 2 0.014


RESULTS:
3.634214820086449E+00 -2.193366496713779E+01 0 -2.029908114720901E+05 
2.285808544095274E+01 2.287548401649086E+02 0 -2.029985266344524E+05 
1.497482765903576E+02 1.134720543179303E+02 1 2.994500000000000E+01 
2.091169171652251E+02 1.585031716997296E+02 1 2.610050000000000E+01 
2.662631414711245E+02 -1.661641265662903E+01 1 2.003540000000000E+01 
5.945395033115070E+01 1.790777322002749E+02 1 1.748620000000000E+01 
-2.835567112781941E+01 1.464089082777592E+02 1 2.495300000000000E+01 
4.876924411145874E+01 1.737763337132499E+02 1 1.785090000000000E+01 
-5.000000000000000E+01 3.461847948240079E+01 1 3.072370000000000E+01 
1.994913971279839E+02 7.499373762575489E+01 1 3.250400000000000E+01 
1.424414810261003E+02 1.868393324697645E+02 1 2.097030000000000E+01 
1.666241716259631E+02 -5.000000000000000E+01 1 3.333170000000000E+01 
-2.576451409847721E+01 2.140028412141170E+02 1 2.383870000000000E+01 
2.958816785652490E+02 2.243728997323354E+02 1 2.646720000000000E+01 
1.454467155809352E+02 2.840015785395606E+02 1 3.695000000000000E+01 
2.315535721361674E+02 7.997440935029034E+01 1 3.724880000000000E+01 
1.182102623894192E+02 2.677448896400086E+02 1 3.551910000000000E+01 
1.986659737259462E+02 4.488120529402635E+00 1 1.837320000000000E+01 
6.696848852127978E+01 -1.723424205130927E+01 1 2.548840000000000E+01 
1.225918405016252E+02 9.803710147006652E+01 1 3.304540000000000E+01 
2.035051216201258E+00 2.248548986241952E+02 1 2.648820000000000E+01 
4.554190878419322E+01 7.887892211483869E+01 1 3.272340000000000E+01 
1.252002803167453E+02 3.025131769377825E+02 1 3.629210000000000E+01 
1.480125936238841E+02 2.351294566773226E+02 1 3.024710000000000E+01 
6.914982192007379E+01 5.521835011759914E+01 1 3.223300000000000E+01 
9.703532215292695E+01 5.483405111098551E+01 1 3.434620000000000E+01 
5.515225901529470E+01 3.095434426730145E+02 1 3.052130000000000E+01 
1.577316988104158E+02 9.135883592919551E+00 1 2.313780000000000E+01 
7.666169346935682E+01 1.930512322287283E+01 1 2.908360000000000E+01 
2.191351348055260E+02 2.407561620987888E+02 1 3.520890000000000E+01 
7.688860739355715E+00 -1.658898839032370E+00 1 3.427170000000000E+01 
3.581311940144698E+01 2.778252678026113E+02 1 3.351280000000000E+01 
