# input file for alanine 2D (d4-d13)

# optimization
userfn       userfn_2D.py
bounds       -50 310; -50 310
num_tasks    2
kernel       stdp
initpts      2 30
iterpts      50
verbosity    2
kappa_prior  gamma
kappa_priorparam 2 0.014
thetaprior gamma
thetapriorparam 2 0.019; 3.3678 9.0204; 3.3678 9.0204

RESULTS:
-2.554735738825998E+01 4.920434641240174E+01 0 -2.029907254910657E+05 
1.642869982124774E+02 1.323322460199458E+02 0 -2.029985324748581E+05 
1.254086154634846E+02 2.110520357101519E+02 1 2.444990000000000E+01 
8.158717157311824E+01 1.716674627103693E+02 1 1.852660000000000E+01 
2.070518229267323E+02 3.008339456049233E+02 1 3.368580000000000E+01 
2.161717090107126E+02 1.771920880366513E+02 1 2.556460000000000E+01 
1.906343096038501E+02 1.444296649850627E+01 1 1.853040000000000E+01 
2.768961544424035E+00 -3.486712293358195E+01 1 3.297150000000000E+01 
2.465307353806556E+02 9.566881367727427E+01 1 3.842090000000000E+01 
1.256969681404270E+02 8.699851122253902E+01 1 3.357220000000000E+01 
2.500485853150591E+02 4.888316523114446E+00 1 2.011190000000000E+01 
3.388630568845802E+01 8.174162101654245E+01 1 3.331170000000000E+01 
-1.112426901432271E+01 1.531238184279863E+02 1 2.361280000000000E+01 
1.395668241172562E+02 1.787736278516596E+02 1 2.068940000000000E+01 
2.856239340065994E+02 8.471984440172744E-01 1 1.892710000000000E+01 
4.060013947354547E+01 1.669248380654023E+02 1 1.876440000000000E+01 
-5.374254243611793E+00 2.478285162478131E+02 1 3.114650000000000E+01 
6.016625498600524E+01 1.757892563439943E+02 1 1.755640000000000E+01 
1.627786736023328E+02 7.601794444315819E+00 1 2.195930000000000E+01 
7.387330619279827E+01 2.566102890980303E+01 1 2.941640000000000E+01 
3.387485685245106E+01 3.092111671653946E+02 1 3.282340000000000E+01 
2.893225657592459E+02 -9.924185417519132E+00 1 1.852750000000000E+01 
-5.000000000000000E+01 -4.577377120774830E+01 1 2.495220000000000E+01 
9.967346588242795E+01 7.338361626000076E+01 1 3.467650000000000E+01 
3.080610804199647E+02 1.235684279481151E+02 1 3.043140000000000E+01 
-1.002219946912599E+01 6.334012652721744E+00 1 3.473940000000000E+01 
1.028047360196530E+02 1.368377884327369E+02 1 2.564730000000000E+01 
1.540383801295054E+02 9.564008633430619E+01 1 3.151650000000000E+01 
1.388554902200163E+02 1.360202265724161E+02 1 2.607790000000000E+01 
2.106633872333970E+02 1.089440607090606E+02 1 3.465110000000000E+01 
7.247284066523231E+01 1.819609627550865E+02 1 1.777260000000000E+01 
1.881900237314391E+02 2.755841555176963E+02 1 3.598900000000000E+01 
