# input file for alanine 2D (d4-d13)

# optimization
userfn       userfn_2D.py
bounds       -50 310; -50 310
num_tasks    2
kernel       stdp
initpts      2 30
iterpts      50
verbosity    2
W_prior      gaussian
W_priorparam 10.757 4.226

thetaprior gamma
thetapriorparam 2 0.019; 3.3678 9.0204; 3.3678 9.0204
RESULTS:
1.058717944437620E+02 7.293555972061860E+01 0 -2.029892612589757E+05 
1.218925980503781E+02 1.912362487397439E+02 0 -2.030070367073169E+05 
2.413699767413467E+02 3.100000000000000E+02 1 3.126970000000000E+01 
8.650843196757036E+01 2.159881711237793E+02 1 2.304620000000000E+01 
1.335354415065699E+01 5.607522664348294E+01 1 3.407780000000000E+01 
1.681819360749867E+02 3.004160355670404E+02 1 3.457620000000000E+01 
2.534809703953797E+02 2.403588295861808E+02 1 3.479650000000000E+01 
1.540431197101434E+02 2.736745735642162E+02 1 3.634390000000000E+01 
-1.002219946912599E+01 6.334012652721744E+00 1 3.473940000000000E+01 
7.072223205442705E+00 9.314786251409544E+01 1 3.500410000000000E+01 
5.100343409059837E+01 1.880010899011316E+02 1 1.786140000000000E+01 
9.556886316683592E+01 2.633427948998809E+02 1 3.312810000000000E+01 
2.374003114558368E+02 6.027393368465731E+01 1 3.412760000000000E+01 
5.341347651128902E+01 -2.608961070193460E+01 1 2.726500000000000E+01 
2.524643254087656E+02 1.333279341051870E+02 1 3.288690000000000E+01 
1.819596372044175E+02 2.220165142929259E+02 1 2.767210000000000E+01 
4.060013947354547E+01 1.669248380654023E+02 1 1.876440000000000E+01 
8.767811611659980E+00 1.927170264869518E+02 1 2.071760000000000E+01 
1.254086154634846E+02 2.110520357101519E+02 1 2.444990000000000E+01 
1.921166288297874E+02 6.818244190583329E+00 1 1.828720000000000E+01 
1.256969681404270E+02 8.699851122253902E+01 1 3.357220000000000E+01 
-5.000000000000000E+01 3.316706571102281E+01 1 3.038310000000000E+01 
2.313964315695360E+02 2.727104682532818E+02 1 3.829160000000000E+01 
1.144045889953496E+02 3.288309606233845E+01 1 3.320810000000000E+01 
1.286254893539476E+02 2.906813538400168E+02 1 3.688270000000000E+01 
2.161717090107126E+02 1.771920880366513E+02 1 2.556460000000000E+01 
1.627786736023328E+02 7.601794444315819E+00 1 2.195930000000000E+01 
2.550825663977674E+02 3.703386295483347E+01 1 2.779500000000000E+01 
1.395668241172562E+02 1.787736278516596E+02 1 2.068940000000000E+01 
3.387485685245106E+01 3.092111671653946E+02 1 3.282340000000000E+01 
1.779879891737596E+02 1.828806247251276E+02 1 2.128310000000000E+01 
5.308898773136457E+01 1.275580416317167E+01 1 2.523990000000000E+01 
