# input file for alanine 2D (d4-d13)
# optimize aims with rst data from amber
# optimization
userfn       userfn_2D.py

bounds       -50 310; -50 310
kernel       stdp
initpts 5 15
iterpts     50
verbosity    2
data_sources    2

RESULTS:
 -5.000000000000000E+01 -5.000000000000000E+01  0.0       2.585050000000000E+01
  1.300000000000000E+02  1.300000000000000E+02  0.0       2.753240000000000E+01
  2.200000000000000E+02  4.000000000000000E+01  0.0       2.664890000000000E+01
  4.000000000000000E+01  2.200000000000000E+02  0.0       2.348490000000000E+01
  8.500000000000000E+01  8.500000000000000E+01  0.0       3.377250000000000E+01
 -5.000000000000000E+01 -5.000000000000000E+01  1.0      -8.802709572377000E+03
  1.300000000000000E+02  1.300000000000000E+02  1.0      -8.802650771197999E+03
  2.200000000000000E+02  4.000000000000000E+01  1.0      -8.802878353898999E+03
  4.000000000000000E+01  2.200000000000000E+02  1.0      -8.802815554653000E+03
  8.500000000000000E+01  8.500000000000000E+01  1.0      -8.802274129588999E+03       9.206721643527993E-02       3.408401203296575E-01  3.432780236207922E-01
  1.948024995587753E+02 -2.436027930648538E+01  1.0      -8.802831081410999E+03       7.498018482814803E-02       3.421452818609912E-01  3.689241964694294E-01
  2.732083554891648E+02  9.087572030749888E+01  1.0      -8.802253872068000E+03       9.553827740282957E-02       3.187266266091244E-01  3.450671015805570E-01
  1.662085339227756E+02  3.154014708426204E+01  1.0      -8.802882474372000E+03       8.591271335684723E-02       4.236519993460945E-01  3.142303338645951E-01
  1.367321370886594E+02  2.537904674172013E+02  1.0      -8.802356344252999E+03       8.574236190686835E-02       3.567987215202909E-01  3.263378477118734E-01
 -3.391559801368791E+01  2.210567951638701E+02  1.0      -8.802770421351999E+03       7.430666348298531E-02       5.185995493376543E-01  2.577772383442761E-01
 -5.000000000000000E+01  8.953658406391025E+00  1.0      -8.802749103898999E+03       6.529383585126121E-02       5.721117086142025E-01  2.458685663798919E-01
  2.324480863577308E+01  1.747217259819917E+02  1.0      -8.803102503235001E+03       7.772528605013980E-02       6.121650261425872E-01  2.803823041141678E-01
  2.345070716952162E+02  1.762256838081470E+02  1.0      -8.803027378301000E+03       7.212738869045827E-02       7.548022415583836E-01  2.611969773036739E-01
  1.224524209402929E+02  1.832645501416577E+02  1.0      -8.803074174682000E+03       6.672804521539130E-02       8.652746990734099E-01  2.599961463480142E-01
 -4.559497813591349E+01  1.526844457649409E+02  1.0      -8.802952858281000E+03       6.369304997734794E-02       9.345418509418690E-01  2.700544248733838E-01
 -3.945557456937497E+01  1.873700619142944E+02  1.0      -8.803090388064000E+03       6.370987446459925E-02       1.016203375946131E+00  2.840427803437017E-01
