# input file for alanine 4D

# optimization
userfn       userfn_4D.py
bounds       -50 310; -50 70; -50 310; -50 310
kernel       stdp
data_sources 2
initpts      2 2
iterpts      100
verbosity    2

RESULTS:
-5.000000000000000E+01 -5.000000000000000E+01 -5.000000000000000E+01 -5.000000000000000E+01 0 3.416900000000000E+01
1.300000000000000E+02 1.000000000000000E+01 1.300000000000000E+02 1.300000000000000E+02 0 3.298980000000000E+01
-5.000000000000000E+01 -5.000000000000000E+01 -5.000000000000000E+01 -5.000000000000000E+01 1 -8.802466732826000E+03
1.300000000000000E+02 1.000000000000000E+01 1.300000000000000E+02 1.300000000000000E+02 1 -8.802391830756000E+03
5.468926769222378E+01 6.394345192138684E+01 2.699116716195164E+02 1.022379322298639E+01 1 -8.802862853488999E+03
5.455326365905901E+01 6.701766256398881E+01 2.610720023238399E+02 6.215864929869689E+01 1 -8.802538583153000E+03
1.111569549305332E+02 5.031649461310443E+01 5.159693796799243E+01 -1.935886713544659E+01 1 -8.802597435911999E+03
8.411696472959207E+01 6.236841658025698E+01 2.968697094674554E+02 -1.101808654609709E+01 1 -8.802786689551000E+03
5.354989116769312E+01 5.202204603095976E+01 2.478564439066465E+02 -1.353733611022163E+01 1 -8.802861866435000E+03
4.266696638480153E+01 3.422389723339117E+01 2.770772446630813E+02 3.100000000000000E+02 1 -8.802448805321999E+03
2.531586719028318E+02 2.389073991688029E+01 1.593013207083737E+02 -1.886357110509495E+01 1 -8.802557660910999E+03
-1.584583541486175E+01 -2.269537106310914E+01 1.194096166530964E+02 2.154862722271208E+02 1 -8.802717587263000E+03
7.273098961570196E+01 6.750760849827353E+01 2.243598668792969E+02 -1.300025477600023E+01 1 -8.802906623768000E+03
1.020597544818629E+02 5.387321847776377E+01 2.284763557091272E+02 9.866235671693811E+00 1 -8.802880406662000E+03
1.294562989907234E+02 6.010751899869403E+01 2.083604029312648E+02 3.100000000000000E+02 1 -8.802619610004000E+03
3.572598832588847E+01 5.771045875652261E+01 1.859021695059791E+02 6.999747040697493E+00 1 -8.802871803931999E+03
5.484288940932868E+01 -2.555224338408656E+01 2.097288336759611E+02 4.264506371835291E+00 1 -8.802849849050999E+03
6.161795228756884E+01 1.770033253058218E+01 2.249586923354851E+02 1.305706948874169E+01 1 -8.802796522246999E+03
1.658881719173925E+02 -2.903074305827860E+01 2.527347704575266E+02 5.654926771951050E+00 1 -8.802675498883000E+03
-5.000000000000000E+01 -5.000000000000000E+01 4.651402218383893E-03 1.806908229335183E+02 1 -8.803047965070000E+03
2.720391638855489E+02 4.759307580726772E+01 -3.096155086972266E+01 1.824283118192733E+02 1 -8.803045561984000E+03
2.485003797112325E+02 -3.524721885292058E+01 3.080286920265156E+02 1.834276859623915E+02 1 -8.802909642526000E+03
-7.289076173301507E-01 5.444463632608343E+01 2.960029059563003E+02 1.870320884216839E+02 1 -8.803032862767001E+03
-4.116807807677135E+01 5.803062372528011E+01 3.100000000000000E+02 1.486783652993315E+02 1 -8.802847165511999E+03
3.077997553106960E+02 5.531090436506324E+01 -1.639301775418239E+01 2.179600812195098E+02 1 -8.802763039979000E+03
1.003880514638007E+02 5.628642065087881E+01 -5.349590147111008E+00 1.807965850690294E+02 1 -8.803075287111000E+03
2.011170470864240E+02 5.618213856214777E+01 7.210705853699683E+01 1.819118552058097E+02 1 -8.803059452908999E+03
9.604080596905343E+00 3.664803939428025E+01 5.483791873413458E+01 1.795508063720839E+02 1 -8.803048091945000E+03
1.220779024580097E+02 4.301170703062729E+01 1.902725423529238E+02 1.887435533569449E+02 1 -8.803004164529000E+03
1.533352815247544E+02 1.625508920016256E+01 2.014661857446106E+01 1.930028873419948E+02 1 -8.802890853256000E+03
3.086668142702638E+02 5.851904231519195E+01 1.599324032882740E+02 1.751516693995769E+02 1 -8.803013704043000E+03
7.104396301017555E+01 -4.164505665070591E+01 1.014722926479879E+02 1.768970872274030E+02 1 -8.803143102304000E+03
5.039160231524059E+01 -1.481773273937155E+01 2.190469204262387E+02 1.748030206165449E+02 1 -8.803116777896001E+03
1.010313313708766E+02 -4.740744448948895E+01 2.261725247366338E+02 1.660214781813666E+02 1 -8.803141783417001E+03
1.689405083522038E+02 7.914253208682203E+00 1.176270739034877E+02 2.597558123696502E+02 1 -8.802190420921001E+03
9.115301138631986E+01 -3.769785156317794E+01 2.255521477686306E+02 1.963674385582556E+02 1 -8.803107422415000E+03
1.552505201091465E+02 -2.856063985463484E+01 1.715893000967411E+02 1.780231914596435E+02 1 -8.802980470471000E+03
5.495811140630020E+01 -2.152907729373815E+01 -8.458352217558611E+00 1.716510168434166E+02 1 -8.803096540185999E+03
2.964503971644154E+02 -9.015699225300614E-02 4.667073929383459E+01 1.706831908321635E+02 1 -8.802941083672000E+03
3.680137675004801E+01 -4.319927453857824E+01 1.924053617060932E+02 1.772686363899788E+02 1 -8.803186598482000E+03
2.779387588429794E+02 2.145628822741187E+00 4.480088460684780E+01 5.039308522434266E+01 1 -8.802471489891999E+03
4.385033797477202E+01 1.465860339936478E+01 -5.000000000000000E+01 1.772627226237605E+02 1 -8.803011287791000E+03
5.789439239374334E+01 -3.745181809370395E+01 2.726094507014091E+02 1.747641088106939E+02 1 -8.803147775261001E+03
1.164577975944212E+01 -3.905420487339781E+01 7.244623905442232E+01 1.581643358723396E+02 1 -8.802934893771000E+03
5.501963718632949E+01 7.000000000000000E+01 4.863888689632901E+01 1.952845309555651E+02 1 -8.803106145882000E+03
5.515814607166507E+01 5.559239177509635E+01 2.070703340702027E+02 1.739421676801597E+02 1 -8.803219405930000E+03
1.302554377457102E+02 -3.487516948544422E+01 3.576806802170454E+01 1.849529136743541E+02 1 -8.803014234253000E+03
2.347290219881769E+02 4.719731587460710E+01 3.043931106607840E+01 1.601800336044924E+02 1 -8.802946910881001E+03
5.723305154721260E+01 5.974733927900674E+01 1.521761306316380E+02 1.891615336023394E+02 1 -8.803185310776000E+03
4.685313969424984E+01 -1.187670916895559E+01 -1.186068410903582E+01 1.967281754237435E+02 1 -8.802990001299000E+03
6.803551843321360E+01 6.499759936487935E+01 2.186023287335376E+02 1.830148640796626E+02 1 -8.803218031464001E+03
7.655476900179107E+01 6.492413922718990E+01 1.718385630271437E+02 1.738841028352552E+02 1 -8.803157700672000E+03
1.849246864899032E+01 3.017730560049386E+01 1.989247560174448E+02 1.900678873513722E+02 1 -8.803063165875001E+03
1.969534892515225E+02 4.781670517224939E+01 2.499925091772142E+02 1.690279998189588E+02 1 -8.802972096023999E+03
5.924036334323038E+01 -4.431245057570745E+00 1.094267449555606E+02 1.848256397939176E+02 1 -8.803059984127000E+03
2.688971890680038E+02 5.125116671310150E+01 6.907823603940706E+01 1.920823880737539E+02 1 -8.803036046871001E+03
7.053292894165800E+01 4.921827977752512E+01 2.627339938920572E+02 1.643439563991114E+02 1 -8.803124274604001E+03
7.908662869153703E+01 4.964235671345144E+01 8.629160424989931E+01 1.850217536760321E+02 1 -8.803129226090001E+03
3.306696219870826E+01 6.331335869424612E+01 2.310144034840388E+02 1.696685045430947E+02 1 -8.803196043133999E+03
2.873330538313686E+01 5.965959400643842E+01 2.021901733681252E+02 1.847704843459935E+02 1 -8.803193691340000E+03
5.375599337324616E+01 5.052063583345878E+01 2.326064592751130E+02 1.811913311886903E+02 1 -8.803218056909000E+03
9.250497963505248E+01 6.203257047374735E+01 2.561180318282130E+02 1.819959138664455E+02 1 -8.803200755873000E+03
1.185490333858701E+02 -1.130500304411407E+01 2.714403816001549E+02 1.784046827667279E+02 1 -8.802925017605001E+03
1.077842424660887E+02 7.000000000000000E+01 1.080379114338659E+02 2.013634254180565E+02 1 -8.802966440225000E+03
1.822204170384030E+02 5.964385229195197E+01 2.562318067408850E+02 2.071313880494187E+02 1 -8.802892903500000E+03
2.806150949980620E+02 5.094291472244216E+01 2.357898573056111E+02 2.557073795124938E+01 1 -8.802665598473001E+03
-1.592349640780388E-01 -1.626612866305567E+01 2.235183809269446E+02 1.369216841352361E+02 1 -8.802724137419000E+03
7.526873095864552E+01 5.362435699301697E+01 2.655889602135936E+02 2.032414533943709E+02 1 -8.803094275770000E+03
2.394538707933521E+02 -3.466995983458888E+01 7.214785078830684E+01 1.774893053247221E+02 1 -8.802943639028999E+03
4.884237186225729E+01 -5.000000000000000E+01 2.076135005556422E+01 1.748556828634668E+02 1 -8.803175708365001E+03
2.778359293012948E+01 5.760776608414649E+01 1.190440915921192E+02 1.795815139203822E+02 1 -8.803121706884000E+03
1.607376767528165E+02 6.460861356214303E+01 1.081105658992764E+02 4.255054274237887E+01 1 -8.802631768637000E+03
2.345235130085411E+02 3.088680510953099E+01 1.364197475801766E+02 1.848144119772051E+02 1 -8.802970773383000E+03
2.627785597417929E+02 6.355700639197905E+01 2.197052410317983E+02 1.806408418364228E+02 1 -8.803003315148000E+03
4.144019535857353E+01 -2.559508887597991E+01 4.603702956006241E+01 1.799855996573868E+02 1 -8.803068351557000E+03
-3.227558320834791E+00 -2.901751938045396E+01 6.784195641352255E+01 -4.386691238809939E+00 1 -8.802262521889999E+03
1.699950140907001E+02 3.369408215035519E+01 -2.061626446951486E+01 3.821793836217628E+01 1 -8.802409195474000E+03
2.506210431787472E+02 2.174303375341055E+01 1.840819171377717E+01 1.930626529162395E+02 1 -8.802920062777001E+03
2.418071765259096E+02 7.000000000000000E+01 1.745300876999259E+02 8.993345603610000E+01 1 -8.802178730948999E+03
8.557428919024063E+01 -4.126590979107186E+01 1.879849117508894E+01 1.434193539993202E+02 1 -8.802843684476000E+03
6.692898797842356E+01 1.419387518505244E+01 3.667186583203792E+01 1.714785595418990E+02 1 -8.803027445020000E+03
3.938119756160442E+01 -4.625785200401410E+01 1.906524032355887E+02 2.512835497899458E+02 1 -8.802483602439999E+03
4.450358478063764E+01 4.819024430193630E+01 -1.307252207571213E+00 1.871271852197397E+02 1 -8.803167532441999E+03
3.057853019589086E+02 -9.782699364399468E+00 2.018876661615964E+02 1.803183085058445E+02 1 -8.802911213263000E+03
1.623627357421506E+02 6.911164417211172E+01 -5.000000000000000E+01 1.760234485387663E+02 1 -8.802940671158000E+03
5.334781740360349E+01 3.483666183497689E+01 1.541546160868827E+02 1.786678469018033E+02 1 -8.803139910660000E+03
6.110736990043758E+01 6.820080068059481E+01 -3.391927912817319E+01 1.871100337691261E+02 1 -8.803163500459999E+03
2.982273488361485E+01 -5.000000000000000E+01 -2.095444186548483E+01 1.704096099471185E+02 1 -8.803111294259001E+03
5.980907335191451E+01 6.250197480614954E+01 2.478183188378403E+02 1.788346332908093E+02 1 -8.803219945807001E+03
5.032194667011048E+01 6.141343188641819E+01 2.174420382423979E+02 1.783427100488134E+02 1 -8.803232680613000E+03
1.373936182478143E+02 -5.000000000000000E+01 2.334540334567631E+02 1.819635608098253E+02 1 -8.803145375149999E+03
2.181242295725134E+02 5.788388164766984E+01 3.100000000000000E+02 -2.766718064216540E+01 1 -8.802530224910999E+03
2.988313958019658E+02 4.587013690826617E+01 4.836738204890455E+01 1.674448011675545E+02 1 -8.803053644611000E+03
4.946725720862791E+01 4.978684277024851E+01 4.384105561382302E+01 1.718974967246648E+02 1 -8.803140402736000E+03
3.005410967955456E+02 3.754299441619734E+01 2.426783897189361E+02 1.719633496556563E+02 1 -8.803058472975001E+03
3.426527054223373E+01 4.934409464116704E+01 2.160314915421276E+02 1.742079022865457E+02 1 -8.803206849258000E+03
6.200870343041775E+01 -4.619710195974262E+01 2.203954536455924E+02 1.741754482132438E+02 1 -8.803210582420001E+03
4.762556834816482E+01 5.754179154874878E+01 1.981360062359894E+02 1.803173290428285E+02 1 -8.803223860861999E+03
1.601388084227473E+02 6.240807086649858E+01 1.032594622731048E+02 1.690655633126228E+02 1 -8.803015261817000E+03
-5.000000000000000E+01 1.713766747022047E+01 7.704102588220506E+01 2.856643150855917E+02 1 -8.802397967486000E+03
5.705696766134685E+01 5.891849113259142E+01 2.269344420418689E+02 1.768879515098982E+02 1 -8.803227904538000E+03
-5.000000000000000E+01 -5.000000000000000E+01 2.499311950586109E+02 1.903997286456649E+02 1 -8.803111785126999E+03
2.869820741690576E+02 4.241467915142420E+01 2.190432257008569E+02 2.103912064913641E+02 1 -8.802820619132001E+03
1.267455425528542E+02 -3.301591890516990E+01 1.478609345263041E+02 -2.536728388807482E+00 1 -8.802738139015000E+03
6.935905627067250E+01 4.982640879741299E+01 9.883350211722269E+01 4.061550418368127E+01 1 -8.802593632870001E+03
4.935053057382724E+01 -4.919456918672936E+01 2.318311349822916E+02 1.831846369424793E+02 1 -8.803217613684001E+03
1.897647574297384E+02 1.411824975234603E+01 8.184135141486065E+01 1.760600933878340E+02 1 -8.802931898725999E+03
-2.632937019222043E+01 -5.000000000000000E+01 2.307431592869886E+02 1.731809936662681E+02 1 -8.803119984360001E+03
1.402959360803819E+02 -1.550058448730398E+01 -1.421914969886006E+01 2.772399819729008E+02 1 -8.802045071061000E+03
2.440290629830222E+02 -1.058430124679454E+01 2.373493407682039E+02 2.789558385062809E+02 1 -8.802078393562000E+03
2.043633794604114E+02 -8.033283484869392E+00 3.015851919643520E+02 9.394133162039358E+01 1 -8.801951554765999E+03
8.086730277556812E+00 1.172792562603843E+01 1.049892366991483E+01 7.964962748191110E+01 1 -8.802108921786001E+03
2.270510891191186E+02 -5.000000000000000E+01 7.221067818838678E+01 7.993890542907802E+00 1 -8.803194239865999E+03
2.586836055328654E+02 5.296829074102420E+01 3.884555835350717E+01 2.674395321072488E+00 1 -8.803235586889001E+03
2.479053100016079E+02 -3.838182309062183E+01 1.481666598871239E+01 7.482168908240263E+00 1 -8.802945185196000E+03
2.230482866930252E+02 3.324052914338203E+01 5.906509492348497E+01 3.185220998708963E+00 1 -8.803209878015001E+03
2.390038167505836E+02 5.529564499937118E+01 6.373933548867681E+01 -2.347387062827393E+01 1 -8.803108671246000E+03
2.540028660292723E+02 4.683935287519111E+01 8.792271883353256E+01 1.093275468612041E+01 1 -8.802896990568999E+03
1.986297234936465E+02 5.834411904214039E+01 4.151504361136710E+01 2.592147405571740E+00 1 -8.802971756924000E+03
2.482260424082666E+02 3.958006669589980E+00 4.875304599406366E+01 -1.034674877903474E+01 1 -8.803025335722001E+03
2.013156300426610E+02 6.487287639664299E+01 1.880031059946425E+02 2.141061754695259E+00 1 -8.802743251956001E+03
2.891974099116637E+02 3.539651231174810E+01 -2.041208784715948E+01 2.442985782480411E+00 1 -8.802823176364000E+03
2.008406817421358E+02 -7.955471880490442E+00 8.502409741328702E+01 9.057360061350762E+00 1 -8.803016017253000E+03
2.338868423760146E+02 4.965878564302033E+01 4.275650456164148E+01 2.653286151967980E+01 1 -8.803134657879000E+03
-3.341344034931961E+01 6.730667997209461E+01 2.216116933556171E+02 -1.563726830221378E+01 1 -8.802804497302001E+03
2.434239480227368E+02 3.999237264001475E+01 3.034743306982550E+01 -5.986288933787742E+00 1 -8.803016629360000E+03
-5.000000000000000E+01 -4.901408461497719E+01 2.925318425459861E+02 1.075596395263754E+01 1 -8.802787112876000E+03
1.364297708878988E+02 2.170684367828390E+01 6.344471471246567E+01 2.696271562972714E+01 1 -8.802477911283000E+03
1.816603374341093E+02 4.182498894038219E+01 9.916738832768100E+01 -1.964918992582821E+01 1 -8.803069255208000E+03
7.007932984291301E+01 4.221210616684942E+01 1.328744540532142E+02 -4.332517408475103E+01 1 -8.802554283718000E+03
6.479748667108564E+01 6.107734434547685E+01 1.726637870389673E+02 6.754128596989347E+01 1 -8.802470402806999E+03
2.702244784302147E+02 4.285704722336265E+01 1.073184362958070E+02 1.572017440833131E+02 1 -8.802965070091999E+03
3.006855881355218E+02 5.944784623080815E+01 2.057954047935667E+01 2.307232579909950E+01 1 -8.803025375973000E+03
2.015264260750524E+02 -2.757847523511778E+01 8.599481733334311E+01 -2.514808863005939E+01 1 -8.803012757959999E+03
2.031444096493252E+02 -5.000000000000000E+01 1.742277438576185E+02 1.595802522180071E+02 1 -8.802960071156000E+03
2.579086268961690E+02 6.795657737421747E+01 4.981709146744351E+01 1.244229372191934E+01 1 -8.803212247177000E+03
2.107882883797696E+02 5.079509438787971E+01 7.398806468799690E+01 -3.697677096486618E-02 1 -8.803259593582001E+03
1.999573831969791E+02 6.412436768931376E+01 5.199117901515555E+00 1.941388101337571E+02 1 -8.803035075190999E+03
3.072318283008323E+02 2.480306799555507E+01 1.078312966489164E+02 1.828838936671780E+02 1 -8.803052552880999E+03
2.360747644304491E+02 5.431903443396104E+01 5.842211996701300E+01 2.685473370498073E+00 1 -8.803278064581000E+03
2.808606168454613E+02 -4.202595271495222E+01 1.217752087028778E+02 1.828796063414180E+02 1 -8.803056913586999E+03
1.981304308957096E+02 -5.000000000000000E+01 1.712120748994110E+02 1.986068269858635E+02 1 -8.802994642095000E+03
1.654880449769186E+02 5.505648777481677E+01 3.661753469071974E+01 1.679161469462164E+02 1 -8.803067649932000E+03
-4.162618937398008E+01 6.613243687510585E+01 8.205135912816706E+01 1.826768527715319E+02 1 -8.803115530390000E+03
2.556780395644335E+02 4.615624489155743E+01 5.014926938783666E+01 8.373063791684519E+00 1 -8.803250786324001E+03
2.865370921330882E+02 6.169852779756992E+01 2.755468514714501E+02 1.738551335279597E+02 1 -8.803073818874000E+03
2.238614379283132E+02 5.083005235062866E+01 6.408733181959101E+01 1.005520867080265E+01 1 -8.803244188319000E+03
4.934644752602200E+01 5.494172778843354E+01 -1.585285154396104E+01 2.010367965473592E+01 1 -8.802776405425000E+03
2.571400701214486E+02 5.520159645166937E+01 5.664410935801870E+01 -2.282899184868026E+00 1 -8.803269996839999E+03
2.538415935344291E+02 4.727106403054699E+01 2.517346263151988E+02 -1.450177329849455E+01 1 -8.802607319594999E+03
1.946997420877873E+02 5.994978260216320E+01 6.272055402500527E+01 1.101755486877862E+02 1 -8.802407840907999E+03
2.725351102729687E+02 5.702882657572611E+01 -2.574159150333020E+01 4.392115816736884E+01 1 -8.802660874167999E+03
6.597634292479015E-02 5.929803293595269E+01 2.272381478707228E+02 2.874275268269004E+01 1 -8.802793351955999E+03
2.292681835717045E+02 4.038087004494967E+01 7.456433165870931E+01 -7.928237547464854E+00 1 -8.803239666302001E+03
2.338473757761012E+02 5.711393502061194E+01 6.909798316578609E+01 -3.492334915212011E+00 1 -8.803272391867000E+03
2.432781557786815E+02 6.056251355985238E+01 5.856075356152149E+01 -1.283470162383125E+00 1 -8.803274724940000E+03
2.258682567230909E+02 5.413430020761388E+01 6.622494847701662E+01 -2.941583292405187E+00 1 -8.803274650833000E+03
2.420313318704726E+02 5.201188325941778E+01 6.037519905975986E+01 -3.092549395969423E-01 1 -8.803278592406999E+03
3.154350759991788E+01 -4.248955783212831E+01 2.333772470413873E+01 2.824898648249037E+02 1 -8.802390887969999E+03
-2.175277465369261E+01 -6.208056286714704E+00 1.292564434213771E+02 8.070005355502181E+01 1 -8.802175068822000E+03
1.863782170003183E+02 4.604328519768294E+01 2.041162450097835E+02 1.804632952631849E+02 1 -8.803074021390999E+03
-4.626088061750210E+01 -3.749694066124217E+00 2.783479933429868E+02 1.807861665399394E+02 1 -8.802986249909000E+03
1.584023634446617E+02 1.385190283675253E+01 2.188978239461216E+02 7.903709219937581E+01 1 -8.802222416750001E+03
2.716195995539787E+02 6.660555401988664E+01 1.541124725232728E+02 2.732437274582373E+02 1 -8.802252250692000E+03
2.386228807418522E+02 -1.533087035679753E+01 2.250565185113513E+01 2.627345301282115E+02 1 -8.802121074037001E+03
-5.000000000000000E+01 1.522407798215960E+01 2.642900405009399E+02 8.530350232527606E+01 1 -8.802252214519000E+03
9.255712304585261E+01 1.775241439799440E+01 6.804466344248937E+01 2.666486386316855E+02 1 -8.802223622250000E+03
4.501678378935808E+01 6.361744541938680E+01 1.446907847873048E+02 1.573159614608287E+02 1 -8.803056824322000E+03
1.063151717918425E+02 1.137994144846663E+01 -3.439141227251981E+01 9.005118782745342E+01 1 -8.802068681896000E+03
1.857367701193394E+02 -3.162787222114707E+01 9.557009125908021E+00 1.706529338377170E+02 1 -8.802999207391000E+03
-1.098648805012525E+01 -1.194897678366957E+00 1.726324665648957E+02 2.997117886381859E+02 1 -8.802199954723999E+03
6.302772798936754E+01 5.481906435919846E+01 -1.819688798973592E+01 1.685724667222031E+02 1 -8.803172597150000E+03
1.950978826362307E+02 -2.882416034336967E+01 2.173566147815229E+02 1.812483352397667E+02 1 -8.802982472256001E+03
2.157528462969106E+02 3.187769297485305E+01 3.066936109915454E+02 2.599518242699738E+02 1 -8.802083857563000E+03
-1.857051663595570E+01 -3.665257960789204E+00 2.681862492827041E+02 2.589151321682795E+02 1 -8.802289970633999E+03
8.057627791920963E+01 -1.711003563578154E+01 7.336526992577677E+01 8.732690519547232E+01 1 -8.802213834320000E+03
2.558413587518559E+02 -5.000000000000000E+01 5.654007192925378E+01 -2.362561678060910E+00 1 -8.803247326467999E+03
2.345903620476694E+02 -5.000000000000000E+01 6.279319856940180E+01 -1.427801462092608E+00 1 -8.803256008908000E+03
1.235943750054674E+02 3.674379694101282E+00 2.598211902481869E+02 2.701677833699821E+02 1 -8.802189184549999E+03
2.878082200290783E+02 -4.451319861886324E+01 1.563779279939379E+01 1.048615726359894E+02 1 -8.802365257400999E+03
2.397786710797693E+02 -5.000000000000000E+01 6.478089058123054E+01 -3.188881007256659E+00 1 -8.803251412547999E+03
2.009892054178174E+02 5.626936834746486E+01 1.046618776974689E+02 -8.209033929139876E+00 1 -8.803123691207000E+03
2.136846239913261E+02 -5.000000000000000E+01 7.265511549199934E+01 -2.798829396605600E+00 1 -8.803249100679001E+03
-4.040678866361893E+01 -2.573655567755763E+01 1.212366856452476E+02 1.621686677258189E+02 1 -8.802941498482000E+03
-4.924229545889318E+01 -8.931566526811432E+00 1.718134549039704E+02 3.731875282107477E+01 1 -8.802438904918999E+03
1.838117179874870E+02 2.492519343365730E+01 1.968692812126436E+02 2.607851943906802E+02 1 -8.802255979864000E+03
1.408104504065844E+01 3.316294016040056E+00 -8.910594429463982E+00 -3.111532176160652E+01 1 -8.802560642682000E+03
2.430025808332869E+02 1.170543095854246E-01 2.324202583190298E+02 1.175398495614286E+02 1 -8.802243502836000E+03
6.177624644572729E+01 3.041619489466638E+01 -2.940408659102047E+01 2.598100254554529E+02 1 -8.802343536385000E+03
1.518472727665575E+02 -3.376739566891415E+01 1.570169544388165E+01 7.944525785999227E+01 1 -8.802237347004000E+03
2.535564094107180E+01 -4.483877631444103E+01 1.089727124918700E+02 2.718190012524754E+02 1 -8.802299769318000E+03
7.755347068296659E+01 5.721633500024955E+01 2.957995226525007E+02 1.796338522983285E+02 1 -8.803156761118000E+03
1.681457664308442E+02 5.802626256013249E+01 4.798647980082883E+01 2.582289199318131E+02 1 -8.802339944724999E+03
2.242327276376339E+02 1.821611122721781E+00 1.155556540945642E+02 8.806467360198558E+01 1 -8.802119225863000E+03
2.202229186229563E+02 -2.839699715133472E+01 2.542601769774649E+02 5.523373468026886E+01 1 -8.802274534804001E+03
6.809551130603604E+01 5.333828798009809E+01 1.234305924219575E+02 1.783498364912355E+02 1 -8.803170017999000E+03
1.977488192727297E+01 -3.182254796070194E+01 -5.000000000000000E+01 9.841544014218209E+01 1 -8.802184994009000E+03
1.079254014846872E+02 -1.324690235675437E+01 1.590529011986430E+02 2.728370051267235E+02 1 -8.802108826660000E+03
1.495863590417790E+02 6.340409072226769E+01 2.697674798649509E+02 1.052304359153195E+02 1 -8.802289695096000E+03
-2.492330620251681E+01 5.135455044695366E+01 7.491249042320047E+01 8.741173627709186E+01 1 -8.802302029144001E+03
2.434008702874003E+02 -1.600425974703684E+01 9.642375279733946E+01 2.421054111773389E+02 1 -8.802345626258000E+03
5.090278465605139E+01 5.652568778843725E+01 1.014887360708052E+02 1.958348652353759E+02 1 -8.803100078615000E+03
-2.706303738690145E+01 3.868258022289810E+01 1.914776245904668E+02 9.379056533698619E+01 1 -8.802200695564999E+03
1.731549216814780E+02 8.138209459805271E+00 2.752518396554938E+02 -4.714390465881642E+01 1 -8.802205104328001E+03
2.053761086141030E+02 4.228204251369904E+01 -1.507265005520054E+01 1.718071739744130E+02 1 -8.803014188697000E+03
-1.233976139986304E+01 1.314864492907645E+01 3.748495635867437E+01 2.452570711494790E+02 1 -8.802330477166000E+03
-6.795894406148288E+00 1.050637081541656E+01 1.304525950901082E+02 -7.455484163881703E+00 1 -8.802637666361001E+03
1.290369489799097E+02 -1.708630541304086E+00 -1.186063969734024E+01 -1.428142114407429E+01 1 -8.802485764241999E+03
5.324064809882033E+00 3.293792225338983E-01 3.075448872478407E+02 4.268362824844539E+01 1 -8.802279464584000E+03
7.531168569447348E+01 3.752808938468736E+00 2.183225837126725E+02 1.015282098312110E+02 1 -8.802349229448000E+03
-4.158634060016087E+01 4.383482850135673E+01 2.255632329958221E+02 2.833127789069940E+02 1 -8.802354559058000E+03
1.274103809099136E+02 -1.068021857044159E+01 2.843700421385652E+02 5.038081857403715E+01 1 -8.802150560204000E+03
6.364932286738195E+01 -1.845340698736800E+01 3.212587547430787E+01 3.925323066015824E+01 1 -8.802638565183999E+03
1.797732710222738E+02 5.247632882750811E+01 1.377608466864283E+02 1.842069099341531E+02 1 -8.803046600337000E+03
3.013624231352238E+02 2.187885556887477E+01 -5.058613546215457E+00 2.853162306829685E+02 1 -8.802232214934000E+03
1.711108762811837E+02 8.508198932634540E+00 1.676244494076665E+02 4.194752378900409E+01 1 -8.802396811204000E+03
2.008924659695143E+02 -1.753807866574279E+01 1.696748319898811E+02 3.044576197435852E+02 1 -8.802384623036000E+03
1.437395049440449E+02 7.000000000000000E+01 1.652388646074808E+02 9.914668181490212E+01 1 -8.802252236282000E+03
3.697318611019947E+01 5.851307944253147E+00 7.103351232600028E+01 -4.711778161213394E+01 1 -8.802342349715000E+03
1.430434223707073E+02 4.166539216232407E+00 -4.483344371874099E+01 2.311099104748933E+02 1 -8.802256373040000E+03
2.224914431603429E+02 1.035423794616614E+01 2.903178664332984E+02 1.836237927462027E+01 1 -8.802170100755000E+03
1.757467255054697E+02 2.061432881533340E+01 -5.799769161383474E+00 1.194331603195311E+02 1 -8.802396254431000E+03
3.445111314756855E+01 2.468147115510884E+01 1.112008577688280E+02 1.076219319050929E+02 1 -8.802399076341000E+03
5.952802822485728E+01 1.351892135203266E+01 2.150559591680945E+02 2.886403397996976E+02 1 -8.802376848111000E+03
-3.909027809944850E+01 7.000000000000000E+01 1.282973732476536E+02 -4.220937991597054E+01 1 -8.802461474677000E+03
-6.387128404361492E+00 4.658582735137513E+01 2.471293662282360E+02 1.859773743823111E+02 1 -8.803147078501999E+03
1.182863447879540E+02 -3.623329508871067E+01 9.305219016418123E+01 2.974586824477502E+02 1 -8.802195870183999E+03
2.811662059721759E+02 6.305038750762434E+00 1.598942553404151E+02 1.213876683733820E+02 1 -8.802326810611001E+03
2.511133648430207E+02 4.779675233170859E+01 -5.000000000000000E+01 1.111160717955433E+02 1 -8.802340280778000E+03
2.743772456787006E+02 7.000000000000000E+01 2.839991378231560E+02 2.526924952813803E+02 1 -8.802327482245000E+03
8.006156575539434E+01 4.590321609804626E+01 2.603461708042050E+01 8.306520462479077E+01 1 -8.802311572826000E+03
1.732655520502794E+02 3.031714031155277E+01 1.163835060965861E+01 3.024749351255160E+02 1 -8.802367562427000E+03
-2.825413754436583E+01 2.621082182752401E+01 1.536232139791010E+02 2.502701705347649E+02 1 -8.802217508770000E+03
8.737265585498582E+01 -5.000000000000000E+01 -1.317905423690483E+01 -5.000000000000000E+01 1 -8.802567741560000E+03
3.034849464896865E+02 1.740826178821709E+00 2.665695529628908E+02 -3.676878230249346E+01 1 -8.802512007628000E+03
3.268719154718340E+00 1.174899714938420E+01 8.190735328440731E+01 4.415396328771236E+01 1 -8.802428396100000E+03
1.108875958621109E+02 1.363206264734651E+01 1.307284462088109E+02 7.219928301393129E+01 1 -8.802197429887001E+03
-5.098829399511480E+00 1.671516904877205E+01 1.429158679993393E+01 1.277323743855598E+02 1 -8.802447554539000E+03
1.792376746667048E+02 -4.661706658384976E+01 2.654691901032062E+02 2.747820790291268E+02 1 -8.802227646926000E+03
7.311427712791314E+01 -6.483770264526647E+00 1.009326646990791E+02 -1.791470341036430E+00 1 -8.802601113052000E+03
9.795623001776313E+01 -4.010495939036541E+01 1.306983234929223E+01 2.410492057947311E+02 1 -8.802512065368999E+03
5.656330127407055E+01 -3.453078437404698E+01 1.453728942824056E+02 1.803628682729355E+02 1 -8.803162022568000E+03
2.827162574230211E+02 4.569393872596633E+01 1.328122429016983E+02 6.433098839861951E+01 1 -8.802384245689000E+03
2.714453300836362E+02 -6.849784836805156E+00 7.573345569174722E+01 1.163650185983880E+02 1 -8.802323230139000E+03
2.281229136324527E+02 2.270096790264787E+01 1.004676261926916E+01 8.382115933314030E+01 1 -8.802344519614000E+03
2.217794056987738E+02 4.127263291430280E+01 1.011235172509292E+02 2.818243746562716E+02 1 -8.802433899276000E+03
5.791705106216341E+01 -3.466886707881438E+01 2.832716339442292E+02 2.678746192284556E+02 1 -8.802333482022001E+03
2.970049135039958E+02 -5.000000000000000E+01 5.559623420083523E+01 2.527106995374336E+02 1 -8.802404342866999E+03
1.709948104467883E+02 1.665856342196784E+01 2.039707292904782E+02 1.268650916520159E+02 1 -8.802503935633000E+03
-1.204744391527831E+01 -3.228052461924926E+01 -2.460837286087806E+01 2.579346135519637E+02 1 -8.802195493441001E+03
2.383511393007821E+02 -1.821240032579209E+01 -3.435633035431862E+01 2.973484430870777E+02 1 -8.802082150456001E+03
2.491189493430791E+02 -1.703533526845473E+01 1.894614634776314E+02 2.390659970146317E+02 1 -8.802275506549000E+03
1.470619760288686E+02 1.151606471356805E+01 1.989043854965388E+02 -1.820521177653635E+01 1 -8.802651620956000E+03
-5.000000000000000E+01 -3.043998407342346E+01 2.212569333942475E+02 7.001436343298397E+01 1 -8.802325351289001E+03
1.049470139014756E+02 4.520578590949124E+01 1.353961247242256E+02 2.448960549235015E+02 1 -8.802381959136001E+03
3.165647127036731E-01 -4.633941724318612E+01 1.317498504516772E+02 3.679963132763795E+01 1 -8.802595041545999E+03
9.507426016977095E+01 -4.547966880576941E+01 -2.391362451949435E+01 5.213222067650937E+01 1 -8.802475817426001E+03
2.428109465452871E+02 2.023327543617836E+01 1.972256988783404E+02 5.689129862879746E+01 1 -8.802212236530000E+03
1.300682168980868E+02 2.276661234890018E+01 6.301872084882142E+01 1.095604722162314E+02 1 -8.802307564635001E+03
2.637199462800551E+02 -6.477963606919626E+00 -2.553113502592140E+01 1.368596886977128E+02 1 -8.802574372008999E+03
2.424770330568370E+02 4.253823970864726E+00 2.721823584457423E+02 2.245271226552746E+02 1 -8.802451218661001E+03
7.123584320575802E+00 -2.785941730573799E+01 2.394042987652601E+02 -5.000000000000000E+01 1 -8.802568545811000E+03
2.649895072976014E+02 -2.890633620962274E+01 2.024438900419492E+02 -4.153157723273565E+01 1 -8.802422150111999E+03
1.067159585471745E+02 -1.977867444704024E+01 2.024292064186053E+02 4.972003809111561E+01 1 -8.802447752348000E+03
3.074465173894295E+02 -1.665625687630326E+01 -3.248771809545623E+01 8.281684166668884E+01 1 -8.802219563809000E+03
2.144299711284926E+01 6.274333769290907E-01 2.056351689212788E+02 6.576159262476169E+01 1 -8.802347387540000E+03
-2.399984810883685E+01 6.090575935507986E+01 3.176480281501925E+01 3.100000000000000E+02 1 -8.802570145959000E+03
2.054002591403809E+02 -2.324107884147619E+01 1.221243223240948E+02 1.292148802911311E+02 1 -8.802508145850001E+03
1.288156277975297E+02 4.985890871075996E+01 -5.000000000000000E+01 2.942461234692380E+02 1 -8.802189723870000E+03
1.267324647943767E+02 -1.131306755754468E+01 3.038127122676927E+02 1.314515581376746E+02 1 -8.802328875219000E+03
1.122323099565747E+02 5.932709425447757E+01 2.202140175060073E+02 2.507606677650790E+02 1 -8.802518935272999E+03
2.122617208970851E+02 3.945649493790540E+01 2.193339781686357E+02 -5.000000000000000E+01 1 -8.802437599192999E+03
1.762121552077775E+02 4.140898245617577E+01 2.539045777259212E+02 4.215843764577091E+01 1 -8.802469908645000E+03
1.739542618053146E+02 -6.555685436015627E+00 6.774388753631418E+01 2.245908717645592E+02 1 -8.802515885606999E+03
3.005045248239807E+02 -5.000000000000000E+01 2.549343824249397E+02 1.169168137842103E+02 1 -8.802538782432999E+03
9.817439993843955E+01 -1.234940516088998E+01 2.636023830053863E+02 -4.003634046810449E+01 1 -8.802544811976000E+03
6.391261576427480E+01 8.045988295824323E+00 1.489758631787169E+02 3.058420408658876E+01 1 -8.802669966859001E+03
-3.220466555743089E+01 -2.090132134084766E+01 2.095884429637970E+02 2.449048356706781E+02 1 -8.802319901385001E+03
-4.251607666420453E+01 6.510713709762523E+01 1.251948080331732E+02 1.156600505823424E+02 1 -8.802466290849999E+03
3.242208848918276E+01 -2.194793237022071E+01 1.651906047662311E+02 1.058363222907479E+02 1 -8.802351118428000E+03
4.351892156948146E+01 2.642701972828740E+01 3.813033381123845E+01 -2.911841468309421E+00 1 -8.802660435631000E+03
2.380971908524711E+02 -3.031287337587662E+01 1.531163011190041E+02 3.820002225564472E+01 1 -8.802460174844000E+03
1.024016449109727E+02 -5.000000000000000E+01 1.096159552187168E+02 1.093797336817736E+02 1 -8.802437104282000E+03
2.453589039454273E+01 3.215266873462568E+01 2.650397319924865E+02 1.080666662955843E+02 1 -8.802378494548000E+03
2.404355938531010E+02 -4.635235431981206E+00 2.192221396429714E+02 7.239972282312808E+00 1 -8.802493253551000E+03
4.473076764107756E+01 -2.676473582512135E+01 1.645715793856382E+02 -3.588882240780072E+01 1 -8.802640864278001E+03
8.216291240422445E+00 -1.794135596594619E+00 2.920711043469539E+02 -1.071979093630367E+01 1 -8.802439062547999E+03
1.106239141830667E+02 -5.980990222279394E+00 3.583018367262292E+01 -5.000000000000000E+01 1 -8.802354839991000E+03
2.647541014410218E+02 -1.440249552460217E+00 1.260468952965550E+02 2.989507385202102E+02 1 -8.802388872117999E+03
2.543960946478207E+02 -1.488527826563134E+01 -2.313905054932641E+01 2.360337146702670E+02 1 -8.802330124193000E+03
1.903887916357490E+02 -4.630548119407157E+01 1.442844846745308E+02 2.469274584322590E+02 1 -8.802475182103000E+03
2.334865614530793E+01 -3.497740156029926E+01 4.274095757622366E+01 1.055037319014172E+02 1 -8.802358267492000E+03
1.760262560654830E+02 -2.415143809416159E+00 6.779777549394421E+01 7.106178330849198E+01 1 -8.802290251380000E+03
-1.374395045902884E+01 4.974436780857039E+01 -5.000000000000000E+01 7.016639803381719E+01 1 -8.802285322901000E+03
1.488456958247843E+02 4.376851945504624E+01 1.493611117225826E+02 2.951180110643744E+02 1 -8.802367760354000E+03
4.344461175487533E+01 2.407669096804144E-02 1.340763355993260E+02 2.463797560095866E+02 1 -8.802448611452000E+03
1.925047754781621E+02 -5.000000000000000E+01 -4.102170438612028E+01 6.882628267304918E+01 1 -8.802207243805000E+03
2.035543789615436E+02 -3.585457564764341E+01 2.843907562664078E+02 1.356569581966311E+02 1 -8.802498450749001E+03
2.087223142255101E+01 4.822501769165203E+01 2.493393368857989E+02 2.502917086401137E+02 1 -8.802522254822001E+03
1.868525733531124E+02 2.421097469923749E+01 6.337902560432963E+00 2.409137087831070E+02 1 -8.802407172064000E+03
1.429563221942002E+02 5.322201051355762E-01 1.647977384726088E+02 2.262285760885045E+02 1 -8.802449588968000E+03
1.616633983258478E+02 7.000000000000000E+01 -5.000000000000000E+01 9.365555501688089E+00 1 -8.802593705107000E+03
2.405138381091013E+02 2.871050745759561E+01 1.420960929442529E+02 2.348313515177785E+02 1 -8.802511925676999E+03
1.996090520258484E+02 -5.000000000000000E+01 2.217541441437986E+02 1.018383004629766E+02 1 -8.802348209872000E+03
