# input file for alanine 2D (d4-d13)

# optimization
userfn       userfn_2D.py
bounds       -50 310; -50 310
num_tasks    2
kernel       stdp
initpts      2 30
iterpts      50
verbosity    2
kappa_prior  gamma
kappa_priorparam 1 71.428
W_prior      gaussian
W_priorparam 0 8.451


RESULTS:
-3.041227316655106E+00 2.924111338728201E+02 0 -2.029904314806114E+05 
1.228251442411478E+02 2.255825390874321E+02 0 -2.029987533104994E+05 
3.100000000000000E+02 1.766668261260085E+02 1 2.061110000000000E+01 
2.497307755880144E+02 2.891064082873752E+02 1 3.558290000000000E+01 
1.017901520701140E+02 1.958991468450488E+01 1 3.408490000000000E+01 
1.530590411815672E+02 7.694769586835709E+01 1 3.113100000000000E+01 
4.585499057166677E+01 1.216702019575786E+02 1 2.746430000000000E+01 
3.013756664289142E+02 9.196059846674086E+01 1 3.568510000000000E+01 
1.634180706631008E+01 2.597004782867925E+01 1 3.136590000000000E+01 
1.544384160160219E+02 3.100000000000000E+02 1 3.486820000000000E+01 
2.675862401523195E+02 1.011158267781230E+02 1 3.700820000000000E+01 
-6.433898185015503E+00 6.095950822244094E+01 1 3.652660000000000E+01 
1.973681630523544E+02 2.229356621684026E+02 1 2.929200000000000E+01 
5.709206539023010E+01 1.722782519417676E+02 1 1.773600000000000E+01 
5.648955845686277E+00 3.036251542909635E+02 1 3.382200000000000E+01 
7.809094153121647E+00 1.274520768645921E+02 1 2.880990000000000E+01 
9.264473021833737E+01 2.690974693042183E+02 1 3.335940000000000E+01 
3.100000000000000E+02 2.582626532496459E+02 1 3.080910000000000E+01 
2.854213263375395E+02 1.513250734732391E+02 1 2.564270000000000E+01 
8.140273837294323E+01 1.230697093139731E+02 1 2.764110000000000E+01 
2.099649344670784E+02 1.087868873702680E+02 1 3.456770000000000E+01 
-8.939191932501576E+00 1.849018691540826E+02 1 2.066980000000000E+01 
1.206923095983856E+02 -1.892628597648371E+01 1 3.495330000000000E+01 
2.776001040081999E+02 -7.494807727196105E+00 1 1.851490000000000E+01 
-5.000000000000000E+01 1.325092234216405E+02 1 2.825860000000000E+01 
2.981382722740684E+02 1.329905763744014E+01 1 2.262740000000000E+01 
2.427258779511585E+02 2.488062254106112E+02 1 3.685970000000000E+01 
1.314164093190436E+02 1.166768841456094E+02 1 3.012430000000000E+01 
2.078384032409414E+02 1.916347894785376E+02 1 2.512790000000000E+01 
1.774695135855430E+02 1.177864222953748E+02 1 2.951760000000000E+01 
-1.572691383639332E+01 2.235551300623010E+02 1 2.602380000000000E+01 
2.407911659266096E+01 9.900575616081926E+01 1 3.294760000000000E+01 
