# input file for alanine 2D (d4-d13)

# optimization
userfn       userfn_2D.py
bounds       -50 310; -50 310
num_tasks    2
kernel       stdp
initpts      2 30
iterpts      50
verbosity    2
kappa_prior  gamma
kappa_priorparam 2 0.014


RESULTS:
2.962408120800027E+02 1.492789672482307E+02 0 -2.030039093167602E+05 
2.764752017712907E+02 4.708443494955181E+01 0 -2.029956114175025E+05 
5.456827985954445E+01 3.029960476205387E+02 1 3.129180000000000E+01 
-6.085235018576172E+00 9.170333172460731E+01 1 3.596060000000000E+01 
-1.765319723945018E+01 -1.257160407515973E+01 1 3.017410000000000E+01 
-1.216408312405043E+01 1.264679104513922E+02 1 2.980710000000000E+01 
5.196337770827596E+01 2.697727201945658E+01 1 2.698510000000000E+01 
1.940406717370776E+02 7.765291339663468E+00 1 1.827310000000000E+01 
1.073540748220248E+02 1.435878244613145E+02 1 2.436060000000000E+01 
2.619678618508700E+02 2.643566288996028E+01 1 2.444940000000000E+01 
2.665593992793626E+02 1.618866450006579E+02 1 2.621100000000000E+01 
5.885545647852230E+01 1.802571421848173E+02 1 1.748310000000000E+01 
1.171669540498454E+02 1.003706071811139E+02 1 3.295560000000000E+01 
9.387362462903040E+01 2.289549821967778E+01 1 3.317220000000000E+01 
2.054224792756954E+02 1.603046460210878E+02 1 2.536880000000000E+01 
-4.702460722476689E+01 8.369673823222109E+01 1 3.625320000000000E+01 
-4.147592379494191E+01 2.967115466698204E+02 1 2.895680000000000E+01 
2.015099358411697E+02 5.020646737339074E+00 1 1.843960000000000E+01 
1.402928798912108E+02 2.158121111138026E+02 1 2.563970000000000E+01 
2.231795295740829E+02 2.835724461525294E+02 1 3.730420000000000E+01 
4.532579889731973E+01 1.783477179764115E+02 1 1.785330000000000E+01 
2.942126455841799E+02 2.702954626170585E+02 1 3.186550000000000E+01 
1.138445177962234E+02 -8.513208852597710E+00 1 3.462850000000000E+01 
1.428768439709244E+02 -2.482686545985738E+01 1 3.361170000000000E+01 
2.984541185289528E+02 -2.135168344118535E+01 1 1.973960000000000E+01 
9.357338025835323E+01 -4.350478668269550E+01 1 3.112160000000000E+01 
2.430780981398216E+02 2.227700826820483E+02 1 3.224340000000000E+01 
1.851240376916554E+02 9.830584405599886E+01 1 3.207840000000000E+01 
2.453850643364401E+02 1.490670006127394E+02 1 3.003710000000000E+01 
2.390268436064834E+01 2.373243360319756E+02 1 2.850000000000000E+01 
2.389064587589844E+02 2.546735645992197E+02 1 3.765790000000000E+01 
2.961717228791370E+02 1.660586603183728E+02 1 2.225540000000000E+01 
