# input file for alanine 2D (d4-d13)

# optimization
userfn       userfn_2D.py
bounds       -50 310; -50 310
num_tasks    2
kernel       stdp
initpts      2 30
iterpts      50
verbosity    2
kappa_prior  gamma
kappa_priorparam 2 0.014


RESULTS:
-1.971168363053120E+01 1.072581139303450E+02 0 -2.029916808483601E+05 
2.326226892027443E+02 1.533072249998465E+02 0 -2.030029636592452E+05 
2.602404140819754E+02 1.835344763916025E+02 1 2.565790000000000E+01 
2.791125496654300E+02 5.622744359189770E+01 1 3.307890000000000E+01 
1.345668206404620E+02 1.518501116390610E+02 1 2.312160000000000E+01 
2.573807049810584E+02 7.886744351197775E+01 1 3.759300000000000E+01 
2.776755634738787E+02 2.808393755997396E+01 1 2.501940000000000E+01 
1.021995161509473E+02 2.779655006759695E+02 1 3.469470000000000E+01 
6.866658278125330E+01 2.698619633027719E+02 1 3.190330000000000E+01 
-2.945710356804431E+01 2.035408049474451E+00 1 2.892510000000000E+01 
2.029103968570865E+02 6.246650417169252E+01 1 3.060620000000000E+01 
2.388514945467017E+02 2.110722292752206E+02 1 3.009360000000000E+01 
1.097127938839360E+01 1.041129220565771E+02 1 3.333720000000000E+01 
3.043416237144690E+01 -2.052707946135224E+01 1 3.089350000000000E+01 
2.590826506244237E+02 1.510926123379678E+02 1 2.876600000000000E+01 
6.518467518652808E+01 -1.259218597560032E+01 1 2.508030000000000E+01 
6.016957908409309E+01 1.793527271423208E+02 1 1.748430000000000E+01 
2.965798733688072E+02 8.406159618467545E+01 1 3.603180000000000E+01 
2.680606678472414E+02 2.544840291076413E+02 1 3.472370000000000E+01 
3.048532572144577E+02 1.887327851148539E+02 1 2.083340000000000E+01 
3.131654097968707E+01 1.689636830579990E+01 1 2.789380000000000E+01 
2.746270742025765E+02 2.910942809606096E+02 1 3.194800000000000E+01 
9.763757093025573E+01 1.536605434192834E+02 1 2.185770000000000E+01 
-1.553278942221307E+01 2.090589833212071E+02 1 2.319320000000000E+01 
2.801628168972437E+02 1.096990010064326E+02 1 3.483200000000000E+01 
6.134768295278533E+01 1.808705707926204E+02 1 1.748790000000000E+01 
1.678642758267550E+02 6.848914425609958E+01 1 2.938740000000000E+01 
-6.017483003653727E+00 6.804564650821911E+01 1 3.672190000000000E+01 
8.691994004207264E+01 1.558743782311857E+01 1 3.105120000000000E+01 
-5.000000000000000E+01 1.219820880219572E+02 1 3.076200000000000E+01 
-1.500317190716364E+01 2.820316085570662E+02 1 3.301820000000000E+01 
2.882023983175719E+02 2.085622413327806E+02 1 2.439560000000000E+01 
