# input file for alanine 2D (d4-d13)

# optimization
userfn       userfn_2D.py
bounds       -50 310; -50 310
num_tasks    2
kernel       stdp
initpts      2 30
iterpts      50
verbosity    2
kappa_fixto  0 0
W_rank       2
W_prior      gaussian
W_priorparam 7.606 4.226
thetaprior gamma
thetapriorparam 2 0.019; 3.3678 9.0204; 3.3678 9.0204

RESULTS:
1.249617607170143E+01 1.363892137840100E+02 0 -2.029995246219886E+05 
4.104402357588092E+01 1.610334138310807E+02 0 -2.030072711022496E+05 
4.297468347488972E+01 1.287865467816052E+02 1 2.597760000000000E+01 
5.838055979528117E+01 9.473316685950968E+01 1 3.180980000000000E+01 
2.815250862205214E+02 3.075969266765761E+02 1 2.731760000000000E+01 
-4.938489676473851E+01 1.625485494734940E+02 1 2.194290000000000E+01 
1.439194933123787E+02 2.620925102707736E+02 1 3.550290000000000E+01 
-3.000172030424521E+01 2.514462238386220E+02 1 3.056680000000000E+01 
5.936691832938560E+01 1.786407171155427E+02 1 1.749080000000000E+01 
6.610618587767097E+01 5.251689334722921E+01 1 3.169480000000000E+01 
3.279552600223966E+01 2.601362371280701E+02 1 3.218640000000000E+01 
1.717048077321084E+01 2.056326814765833E+02 1 2.201480000000000E+01 
2.216801555325700E+02 -5.000000000000000E+01 1 3.171680000000000E+01 
2.867360672777734E+02 -1.445904706216222E+01 1 1.870110000000000E+01 
2.665172794609132E+02 1.870686601609532E+02 1 2.499370000000000E+01 
2.638481624068953E+02 2.780743322809327E+02 1 3.532350000000000E+01 
2.276007938427742E+02 1.179250988463180E+02 1 3.547690000000000E+01 
1.644744192653311E+02 3.009120522358147E+02 1 3.485010000000000E+01 
7.221127969877904E+01 1.414307588672213E+02 1 2.287330000000000E+01 
2.772588708874773E+02 2.362125840776120E+02 1 3.090530000000000E+01 
7.515336745754045E+01 2.404553805981226E+02 1 2.784350000000000E+01 
-2.483577099698403E+01 -3.201606449002228E+00 1 2.942780000000000E+01 
4.805544843050509E+01 1.850989443220079E+02 1 1.782000000000000E+01 
5.883576491560854E+01 1.803544142653215E+02 1 1.748340000000000E+01 
-4.845643409856127E+01 2.150146565521366E+02 1 2.383830000000000E+01 
-3.971114504047324E+00 2.816830020892597E+02 1 3.396130000000000E+01 
2.024261181439446E+02 2.291524378318491E+02 1 3.122420000000000E+01 
1.532915851487168E+02 -1.987975229077863E+01 1 3.023540000000000E+01 
2.916089060667122E+02 2.784009321761955E+02 1 3.165020000000000E+01 
1.054269071098892E+02 4.588877976031181E+01 1 3.399970000000000E+01 
3.058779845816904E+01 3.097461757850862E+02 1 3.312580000000000E+01 
1.660097612732564E+02 1.122366317016519E+02 1 2.987780000000000E+01 
