# input file for alanine 4D (d4 d7 d11 d13)

# optimization
userfn       userfn_4D.py
bounds       -50 310; -50 70; -50 310; -50 310
kernel       stdp
data_sources 2
initpts 2 55
iterpts      100
verbosity    2


RESULTS:
-5.000000000000000E+01 -5.000000000000000E+01 -5.000000000000000E+01 -5.000000000000000E+01 0 -8.802466732826000E+03
1.300000000000000E+02 1.000000000000000E+01 1.300000000000000E+02 1.300000000000000E+02 0 -8.802391830756000E+03
-5.000000000000000E+01 -5.000000000000000E+01 -5.000000000000000E+01 -5.000000000000000E+01 1 3.416900000000000E+01
1.300000000000000E+02 1.000000000000000E+01 1.300000000000000E+02 1.300000000000000E+02 1 3.298980000000000E+01
1.152237774362999E+02 -8.075397064753197E+00 1.068786670995425E+02 6.459833416252263E+01 1 3.708780000000000E+01
2.046501741970990E+02 -5.000000000000000E+01 3.060013514124721E+02 -4.696017030291152E+01 1 3.848720000000000E+01
1.431818287410507E+02 2.229859981493482E+01 1.597415547373020E+02 1.660134049123336E+02 1 2.306750000000000E+01
1.571555924455431E+02 3.123691348190419E+01 1.831599628106842E+02 1.937954143916675E+02 1 2.010210000000000E+01
1.014658984036153E+02 3.187498759361008E+01 1.922383293656228E+02 1.900342764048800E+02 1 2.110470000000000E+01
1.508015021640620E+02 2.495778529171410E+01 2.307854733536757E+02 1.623363959191850E+02 1 2.280430000000000E+01
1.441137002751831E+02 4.625824472314127E+01 1.854443591711553E+02 1.453371457662488E+02 1 2.380000000000000E+01
2.658383131879641E+02 2.958531656814240E+01 1.877344168056250E+02 1.750640390015171E+02 1 2.401710000000000E+01
1.222908265030301E+02 4.128077260582264E+01 1.206610509602910E+02 2.234942919391719E+02 1 2.867040000000000E+01
1.415142099743243E+02 1.102869858535136E+01 2.021628161152404E+02 2.364675864206717E+02 1 3.025030000000000E+01
2.335154635033592E+01 3.283423050321623E+01 2.138995203434760E+02 1.196828822726591E+02 1 2.945300000000000E+01
1.347233759212218E+02 3.671599239158770E+01 -5.000000000000000E+01 1.854339141805361E+02 1 2.593990000000000E+01
2.062293307911801E+02 4.748771279672140E+01 2.318499688018543E+02 1.974982803810385E+02 1 2.401960000000000E+01
1.176761739158591E+02 -4.579618052303527E+01 2.022339342411894E+02 1.858302226903813E+02 1 1.985140000000000E+01
2.141493882888080E+02 -3.747590192781870E+01 1.715080555442480E+02 1.807634648092472E+02 1 2.219070000000000E+01
-3.985000164197079E-01 -3.279134016406109E+01 2.157429326238582E+02 1.854067465781305E+02 1 2.112860000000000E+01
1.548451485023932E+02 -2.826148541471718E+01 2.592873884967121E+02 1.652412714921717E+02 1 2.372140000000000E+01
1.964139959014940E+01 -4.720175525028878E+01 1.349747534037254E+02 1.770241803090458E+02 1 1.968520000000000E+01
9.934136787536568E+00 -3.734860406509040E+01 2.091743158147031E+01 1.821623476242699E+02 1 2.144780000000000E+01
-2.859213141760499E+01 -2.466497157895155E+01 1.023134753799042E+02 2.166102481293182E+02 1 2.540140000000000E+01
2.921552115770058E+02 6.932552040463956E+01 4.991816676283308E+01 1.390532563632468E+02 1 2.780740000000000E+01
1.047673555179408E+02 -3.103495339224148E+01 8.561175713928243E+01 1.802556371607402E+02 1 2.129160000000000E+01
-2.198177659400711E+01 2.841341270653938E+01 1.695849339814268E+02 1.227376808634726E-02 1 3.251600000000000E+01
7.080564075193124E+00 -1.224432070748041E+00 -3.830779406459521E+01 1.800094228903097E+02 1 2.955210000000000E+01
5.997931981001798E+01 -4.782877594029669E+01 -5.000000000000000E+01 1.483826161225187E+02 1 2.290980000000000E+01
5.371525489257655E+01 -4.174385647243809E+01 3.007790617829854E+02 2.169569397393051E+02 1 2.474340000000000E+01
-1.282476435025587E+01 -4.325159365789824E+01 2.804570821448243E+02 6.332085740427055E+01 1 3.500730000000000E+01
6.268233518112682E+01 -3.367370214038998E+01 1.749147473961328E+02 1.532002540185591E+02 1 1.992310000000000E+01
7.577150736519118E+01 6.337910844604821E+01 5.857964043225255E+01 1.689079758801666E+02 1 1.842300000000000E+01
4.208398325603698E+01 5.920833040151162E+01 2.172849750485830E+02 1.716934937569528E+02 1 1.660460000000000E+01
3.460126353714376E+01 -1.254106248254505E+01 6.528478383998429E+01 3.000300199481376E+02 1 3.652830000000000E+01
1.903823964343281E+02 6.988252304893052E+01 4.421008561406196E+01 1.863384555104261E+02 1 2.195880000000000E+01
-8.624985489917986E+00 4.913649922823593E+01 3.874096139722487E+01 1.975405450748140E+02 1 2.241570000000000E+01
2.233660374957628E+02 5.394867841237248E+00 6.713753997051907E+01 1.966754039321685E+02 1 3.092930000000000E+01
-6.592149045386883E+00 5.470277905705202E+01 2.024434546173295E+02 2.149524749703201E+02 1 2.472640000000000E+01
3.100000000000000E+02 6.608135463593922E+01 2.263500007772631E+02 1.600846130927673E+02 1 2.078190000000000E+01
1.400130714574288E+02 6.176469726942076E+01 1.233069954488467E+02 1.730994389079763E+02 1 2.118570000000000E+01
4.430437866463952E+00 5.748701864976553E+01 -5.000000000000000E+01 1.777583783066682E+02 1 2.304670000000000E+01
6.993457897011655E+01 6.906581259045856E+01 4.059187585063508E+01 2.056737619094901E+02 1 2.018850000000000E+01
5.929942470393284E+01 -4.670553348298795E+01 2.313902206529620E+02 1.612531340954212E+02 1 1.769760000000000E+01
1.701485278761335E+01 -5.000000000000000E+01 1.917568559163106E+02 1.498718981219845E+02 1 2.220800000000000E+01
2.313686409357941E+02 3.317977836931853E+01 6.046609382319422E+00 4.347322220325829E+01 1 2.949910000000000E+01
2.795858913146462E+02 -4.377896573181080E+01 -4.753574210422605E+00 2.041788177973686E+02 1 2.476030000000000E+01
2.572502200434262E+02 -2.008310831518441E+01 2.340373840970546E+02 1.295875226300060E+02 1 3.483030000000000E+01
8.232327708754262E+01 5.029485219892226E+01 1.421410795310695E+01 1.417296343122538E+01 1 2.644560000000000E+01
7.763007466785143E+01 -1.332490332000236E+01 2.031582120199323E+02 1.798490809324563E+02 1 1.973620000000000E+01
1.265022085141073E+02 2.078220290883347E+01 2.659100971573831E+02 1.106932756619698E+01 1 3.739930000000000E+01
2.755953523852962E+02 5.988636374733952E+01 1.191623676989099E+02 1.894658041571124E+02 1 2.018430000000000E+01
2.682837848602986E+02 6.820234084043705E+01 8.528447196731992E+01 1.560700719194143E+01 1 2.610030000000000E+01
3.610729377190477E-01 4.792751926394227E+01 6.514523703287348E+01 4.771571353244550E+01 1 3.500140000000000E+01
1.638216345249912E+02 6.090904620826034E+01 1.011244327766933E+02 1.033609534147180E+01 1 2.021240000000000E+01
8.863209179907498E+01 -4.757990161087795E+01 1.416831264900425E+02 -7.590425116137423E+00 1 2.557650000000000E+01
1.620118744522843E+02 -3.811796728707289E+01 3.368441448087505E+01 1.894831553093215E+01 1 2.802920000000000E+01
