# input file for alanine 2D (d4-d13)

# optimization
userfn       userfn_2D.py
bounds       -50 310; -50 310
num_tasks    2
kernel       stdp
initpts      2 30
iterpts      50
verbosity    2
kappa_fixto  0 0
W_rank       2
W_prior      gaussian
W_priorparam 7.606 4.226


RESULTS:
2.386312276505349E+02 5.089339941583580E-01 0 -2.030123720781383E+05 
1.835878085549588E+00 1.060606504484108E+02 0 -2.029915713189184E+05 
1.222751587794796E+02 3.008320590720907E+02 1 3.616050000000000E+01 
2.726735694831085E+02 2.758788244849761E+02 1 3.422140000000000E+01 
-5.000000000000000E+01 2.660311613148201E+02 1 3.116140000000000E+01 
6.029895204786979E+01 1.802303922338381E+02 1 1.748200000000000E+01 
1.935836864396379E+02 8.918340005122062E+00 1 1.828150000000000E+01 
1.772451807301819E+02 1.393245313282928E+02 1 2.559920000000000E+01 
2.963090899033262E+02 2.020024269432101E+02 1 2.261260000000000E+01 
8.527343502388125E+01 1.894647692347940E+02 1 1.883870000000000E+01 
1.869705512318441E+02 -6.952142207557928E+00 1 2.002190000000000E+01 
1.693397539061550E+02 2.430244793415673E+02 1 3.192160000000000E+01 
8.541263534553924E+01 2.507851363781334E+02 1 3.050150000000000E+01 
2.096648579694302E+02 1.233391421693442E+02 1 3.243970000000000E+01 
1.480949345315838E+02 -3.976213301172580E+01 1 3.450070000000000E+01 
2.771126449108756E+01 1.149719429883296E+01 1 2.872400000000000E+01 
-3.889683993521714E+01 7.262899594272585E+01 1 3.668890000000000E+01 
1.199369078907878E+02 -2.441800755071722E+01 1 3.480180000000000E+01 
5.946125463372807E+01 1.851838384132380E+02 1 1.758130000000000E+01 
2.202951956419090E+02 2.192102005715672E+02 1 3.095250000000000E+01 
1.209221718106104E+02 1.007616055626935E+02 1 3.281510000000000E+01 
8.730049715156615E+01 -3.285261825741021E+01 1 2.904760000000000E+01 
-3.852405317854645E+01 2.361654436042740E+02 1 2.786140000000000E+01 
6.707674934640112E+01 1.788049917127202E+02 1 1.758300000000000E+01 
2.374043050189940E+02 9.290890541595290E+01 1 3.829220000000000E+01 
3.826133504210929E+01 3.100000000000000E+02 1 3.226670000000000E+01 
1.575765485777356E+01 7.384361967804293E+01 1 3.487190000000000E+01 
2.778816816449728E+02 7.078729429876674E+01 1 3.571150000000000E+01 
2.670096450584731E+02 -8.666347759671902E+00 1 1.910730000000000E+01 
-2.225263887289174E+01 1.809998571742312E+02 1 2.053550000000000E+01 
1.548630458719285E+02 1.027777212099401E+02 1 3.103740000000000E+01 
7.650610370502847E+01 1.126635959139338E+02 1 2.962440000000000E+01 
