# input file for alanine 2D (d4-d13)

# optimization
userfn       userfn_2D.py
bounds       -50 310; -50 310
num_tasks    2
kernel       stdp
initpts      2 30
iterpts      50
verbosity    2
kappa_fixto  0 0
W_rank       2
W_prior      gaussian
W_priorparam 7.606 4.226
thetaprior gamma
thetapriorparam 2 0.019; 3.3678 9.0204; 3.3678 9.0204

RESULTS:
2.719056952782882E+02 2.094968700881969E+02 0 -2.030031171071622E+05 
-3.225328120420607E+00 -4.581334367787182E+01 0 -2.029920674987487E+05 
9.921282869913179E+01 4.024044433848160E+01 1 3.403740000000000E+01 
1.321882248746057E+02 2.071136017879941E+01 1 2.993010000000000E+01 
-1.642601364288725E+01 2.918690258922488E+02 1 3.228210000000000E+01 
2.326004996120461E+02 2.698506703702494E+02 1 3.836750000000000E+01 
2.791935224714351E+02 1.690797752333146E+02 1 2.377270000000000E+01 
1.965441441500795E+02 -2.963415218730879E+01 1 2.541790000000000E+01 
1.753516384303191E+02 7.284794870092442E+01 1 3.007270000000000E+01 
-1.953312897891408E+01 2.296680449323222E+02 1 2.718160000000000E+01 
2.089325888140073E+02 1.345844038009685E+02 1 3.024110000000000E+01 
2.154698119014756E+02 1.877265828839676E+02 1 2.574650000000000E+01 
4.477964754600989E+01 1.172450650920616E+02 1 2.846440000000000E+01 
3.061038241168650E+02 2.290636746813347E+02 1 2.669610000000000E+01 
7.834869178706947E+01 2.920351679383054E+02 1 3.215610000000000E+01 
1.485329969684782E+02 -2.173803958679677E+01 1 3.187330000000000E+01 
6.126601281764799E+01 1.833575711865334E+02 1 1.752590000000000E+01 
8.715083530392322E+01 -3.743150944123740E+01 1 2.951320000000000E+01 
7.622341799918075E+01 2.623428803584661E+02 1 3.153330000000000E+01 
2.183344820498116E+02 9.271424852210846E+01 1 3.655110000000000E+01 
2.145637942081821E+02 3.010036040404677E+02 1 3.390540000000000E+01 
8.990522006291351E+01 1.094356298995927E+01 1 3.125340000000000E+01 
1.027093313847989E+02 1.756698692532779E+02 1 1.977720000000000E+01 
1.719865768536807E+01 2.041508145829435E+02 1 2.176340000000000E+01 
1.932151330149470E+02 1.454792174962030E+01 1 1.856280000000000E+01 
-7.808683439130826E+00 1.470592739108153E+02 1 2.482590000000000E+01 
3.038710590884260E+02 9.123015157556183E+01 1 3.572320000000000E+01 
2.658654754505653E+02 8.408190933760950E+01 1 3.752720000000000E+01 
1.193076916306748E+02 -5.000000000000000E+01 1 3.539730000000000E+01 
2.352326819272014E+02 1.691843394039169E+02 1 2.733440000000000E+01 
6.230041074946610E+00 1.224552500260191E+02 1 3.006910000000000E+01 
1.764976744379586E+02 1.652697427091504E+01 1 1.934220000000000E+01 
