# input file for alanine 2D (d4-d13)

# optimization
userfn       userfn_2D.py
bounds       -50 310; -50 310
num_tasks    2
kernel       stdp
initpts      2 30
iterpts      50
verbosity    2
W_prior      gaussian
W_priorparam 10.757 4.226

thetaprior gamma
thetapriorparam 2 0.019; 3.3678 9.0204; 3.3678 9.0204
RESULTS:
6.206636082810046E+01 2.201272414961153E+02 0 -2.030018691716169E+05 
1.870721269373526E+02 2.989124767762665E+02 0 -2.029912039595406E+05 
2.208991857808117E+02 1.686132023270306E+02 1 2.645530000000000E+01 
-1.427446353289808E+01 4.174594192862529E+01 1 3.613940000000000E+01 
2.200722394290956E+01 2.522219928461768E+02 1 3.158400000000000E+01 
5.939800645790896E+01 -1.704176345810372E+01 1 2.553810000000000E+01 
7.689094189766760E+01 3.100000000000000E+02 1 3.017020000000000E+01 
1.584285947609267E+02 2.456283636361741E+02 1 3.246770000000000E+01 
2.955349971234057E+02 1.018186031159146E+02 1 3.487560000000000E+01 
2.114950122911007E+02 2.719519749147110E+02 1 3.748570000000000E+01 
2.840196682948080E+02 -6.385716418282775E+00 1 1.842650000000000E+01 
2.605233303706150E+02 2.255213000108409E+02 1 3.126130000000000E+01 
1.794206020920677E+02 3.604526487836257E+01 1 2.216110000000000E+01 
2.703146906496575E+02 1.303740571532531E+02 1 3.187900000000000E+01 
2.167955698470043E+02 1.387537724815103E+02 1 3.047570000000000E+01 
2.393090987583215E+02 5.176922695496182E+01 1 3.195320000000000E+01 
1.107656515665376E+02 2.024311147449125E+02 1 2.220330000000000E+01 
2.414899842558592E+02 -2.053037380412469E+01 1 2.265830000000000E+01 
2.205942943842720E+02 2.344894557597238E+02 1 3.413870000000000E+01 
2.437734968159947E+02 2.710402989777933E+02 1 3.795920000000000E+01 
1.433023838365702E+02 -2.326340717823250E+01 1 3.332820000000000E+01 
-2.405948101733603E+01 9.029759447437651E+01 1 3.641250000000000E+01 
1.002417673714342E+02 2.353078636945195E+02 1 2.859040000000000E+01 
2.791847904448047E+02 1.913042997074479E+02 1 2.350410000000000E+01 
1.658288249813229E+02 2.950479523995163E+02 1 3.534700000000000E+01 
1.295807843684111E+02 3.006938047791748E+01 1 3.018520000000000E+01 
2.655947715760056E+02 7.394221990807313E+01 1 3.668180000000000E+01 
5.740520434163158E+01 1.813428145842947E+02 1 1.749750000000000E+01 
-1.358329620680161E+01 2.390228912204168E+02 1 2.927680000000000E+01 
2.639813355231631E+00 -9.435241468479132E-01 1 3.474620000000000E+01 
3.514127475606843E+01 2.083949432456502E+01 1 2.739400000000000E+01 
1.197479594152720E+02 7.355208853587588E+01 1 3.394330000000000E+01 
