# input file for alanine 2D (d4-d13)

# optimization
userfn       userfn_2D.py
bounds       -50 310; -50 310
num_tasks    2
kernel       stdp
initpts      2 30
iterpts      50
verbosity    2
kappa_prior  gamma
kappa_priorparam 1 71.428
W_prior      gaussian
W_priorparam 0 8.451


RESULTS:
-5.547861331982266E+00 1.558263555281432E+02 0 -2.030047934463972E+05 
2.133720498803890E+01 2.625702890623364E+02 0 -2.029900898991884E+05 
7.250704176582433E+01 1.778958626698173E+02 1 1.778160000000000E+01 
1.056272597949295E+02 2.766402278312815E+02 1 3.500700000000000E+01 
3.004897246360693E+02 2.283269787673952E+02 1 2.686550000000000E+01 
1.526398523543271E+02 -3.166980821313076E+01 1 3.259810000000000E+01 
-1.720750837654736E+01 1.819802604054620E+02 1 2.059640000000000E+01 
4.037282914068308E+01 2.635360433639951E+02 1 3.213180000000000E+01 
2.093784666737746E+02 2.385033893799434E+02 1 3.390420000000000E+01 
2.063745341231860E+02 7.685233585766410E+01 1 3.373370000000000E+01 
2.879685355587337E+02 -3.302888280877713E+01 1 2.178080000000000E+01 
1.803570941314550E+02 -5.000000000000000E+01 1 3.191730000000000E+01 
-1.697651916001206E+01 -3.407037918742468E+01 1 2.916150000000000E+01 
1.353433033685596E+02 8.842730140881647E-02 1 3.184050000000000E+01 
1.713847121972541E+02 9.338065195631341E+01 1 3.136720000000000E+01 
7.955164926631299E+01 2.501972067462631E+02 1 2.998870000000000E+01 
2.195195661567342E+02 2.050075081702785E+02 1 2.819060000000000E+01 
2.213464828233975E+02 -3.499514494038149E+01 1 2.713490000000000E+01 
2.072634650448589E+02 2.976306254481406E+02 1 3.437510000000000E+01 
1.918892155640824E+02 2.712226283049043E+02 1 3.614560000000000E+01 
4.695543483513679E+01 7.573102952162830E+01 1 3.265050000000000E+01 
2.859888586782367E+02 2.571520763413242E+02 1 3.241190000000000E+01 
1.570371265000760E+02 2.866120256958120E+02 1 3.640630000000000E+01 
2.935740668228042E+02 1.694087014832436E+02 1 2.212380000000000E+01 
1.943916827353395E+02 -8.421345407785038E+00 1 1.988340000000000E+01 
1.317363099811584E+02 9.756648576618220E+01 1 3.265140000000000E+01 
5.661461254712626E+01 1.363225863617340E+00 1 2.463360000000000E+01 
1.128493742733080E+02 1.710543819298493E+02 1 2.053330000000000E+01 
1.972012283832736E+02 6.307235865059695E+00 1 1.831150000000000E+01 
-4.559403781227465E+01 1.975852211044524E+02 1 2.119060000000000E+01 
1.507129016920102E+02 1.245672698453202E+02 1 2.803080000000000E+01 
1.287749584967517E+01 3.040448202048337E+02 1 3.412500000000000E+01 
