# input file for alanine 2D (d4-d13)

# optimization
userfn       userfn_2D.py
bounds       -50 310; -50 310
num_tasks    2
kernel       stdp
initpts      2 30
iterpts      50
verbosity    2
W_prior      gaussian
W_priorparam 10.757 4.226

thetaprior gamma
thetapriorparam 2 0.019; 3.3678 9.0204; 3.3678 9.0204
RESULTS:
2.991098607683348E+02 1.148665202881415E+02 0 -2.029934058830182E+05 
4.796743208355956E+00 2.807308726387648E+01 0 -2.029945897987139E+05 
1.417002579250258E+02 1.233915651542927E+02 1 2.853180000000000E+01 
2.769513200760529E+02 -1.957720537166328E+00 1 1.862890000000000E+01 
2.776369427955391E+02 1.305647505232627E+02 1 3.101620000000000E+01 
1.409672104044673E+02 8.190957713759602E+01 1 3.238430000000000E+01 
-5.000000000000000E+01 2.271407652957551E+02 1 2.619080000000000E+01 
7.855005208023516E+01 1.324344251553144E+02 1 2.528260000000000E+01 
4.244408598095882E+01 3.045020456763143E+02 1 3.225370000000000E+01 
6.595232730060489E+01 1.897799013710460E+02 1 1.790890000000000E+01 
8.776663862321865E+01 2.086908723646614E+00 1 2.957840000000000E+01 
1.151934034842294E+01 1.649592532721507E+02 1 2.098140000000000E+01 
1.962606013824398E+02 6.475542568098507E+01 1 3.025240000000000E+01 
1.413786350706640E+02 1.542801502698553E+02 1 2.262390000000000E+01 
1.927084345013648E+02 1.330857655768402E+02 1 2.829740000000000E+01 
1.629512122196039E+02 2.851543540378261E+02 1 3.611650000000000E+01 
2.379650768964213E+02 1.151445187784635E+02 1 3.650620000000000E+01 
1.165635210643568E+02 -9.375961622172703E+00 1 3.486660000000000E+01 
5.701344162568318E+01 9.395677345863355E+01 1 3.187680000000000E+01 
-6.892811198738104E+00 2.013687713204838E+02 1 2.206600000000000E+01 
7.953620592364996E+01 8.215362579384524E+01 1 3.361160000000000E+01 
1.698818941620858E+02 5.751995949475202E+01 1 2.729850000000000E+01 
3.100000000000000E+02 -4.532895330430266E+01 1 2.485810000000000E+01 
-1.316114412582158E+01 1.127307975118676E+02 1 3.293630000000000E+01 
1.021593845103812E+02 6.059392566527104E+01 1 3.449300000000000E+01 
7.159387678926792E+01 1.812446482199601E+02 1 1.772840000000000E+01 
5.888926174830732E+01 1.808829731238814E+02 1 1.748510000000000E+01 
1.272079637166597E+02 2.780608985697840E+02 1 3.669700000000000E+01 
2.396493635218885E+02 1.915949464514626E+02 1 2.742580000000000E+01 
1.492410964958195E+02 1.954690414775294E+02 1 2.177570000000000E+01 
-4.333577617715368E+01 1.326416345788285E+02 1 2.815350000000000E+01 
2.335402291193672E+02 4.754164362210441E+00 1 2.009200000000000E+01 
