# input file for alanine 2D (d4-d13)

# optimization
userfn       userfn_2D.py
bounds       -50 310; -50 310
num_tasks    2
kernel       stdp
initpts      2 30
iterpts      50
verbosity    2



RESULTS:
1.208624821043219E+02 1.060374848228024E+02 0 -2.029920812343184E+05 
3.148606991723650E+01 -1.047809018796204E+01 0 -2.029979365972976E+05 
2.854792773980705E+01 4.207487055905778E+01 1 3.055180000000000E+01 
1.357842033035359E+02 2.994975409244552E+02 1 3.677600000000000E+01 
1.324760652809320E+02 2.073353452101261E+02 1 2.380750000000000E+01 
3.087911445626899E+02 1.801572305392079E+02 1 2.054220000000000E+01 
9.096294750530220E+00 9.599993478061336E+01 1 3.455620000000000E+01 
1.233875669847115E+02 1.129542516124479E+02 1 3.099540000000000E+01 
4.254991619818514E+01 1.189472245169366E+02 1 2.821390000000000E+01 
8.262902837511373E+00 3.098420530942889E+02 1 3.371930000000000E+01 
2.079822799885934E+02 5.262490197421422E+00 1 1.873550000000000E+01 
2.382201948399854E+02 -6.129783764691211E+00 1 2.033890000000000E+01 
1.163862766642037E+02 1.414300961451932E+02 1 2.509640000000000E+01 
1.265494850794789E+02 -1.712271474137818E+01 1 3.506620000000000E+01 
2.136163697447609E+02 2.091134313253906E+02 1 2.830650000000000E+01 
2.902277942556000E+02 -4.771953228409355E+01 1 2.535430000000000E+01 
5.864604244886664E+01 1.803646269135472E+02 1 1.748410000000000E+01 
9.192385366183136E+01 2.613123122571142E+02 1 3.257030000000000E+01 
1.109111825804677E+02 -5.000000000000000E+01 1 3.435290000000000E+01 
2.282158312910407E+02 1.860797678347998E+02 1 2.678500000000000E+01 
7.615559884127070E+01 1.822189985767956E+02 1 1.795120000000000E+01 
4.973089035443171E+00 2.290164853750858E+02 1 2.737470000000000E+01 
2.165811445666217E+02 2.485680787308224E+02 1 3.627020000000000E+01 
1.942594375436776E+02 7.973159419225460E+00 1 1.827480000000000E+01 
2.310270793052447E+02 -4.969060786814673E+01 1 3.160370000000000E+01 
6.928797011316915E+01 1.629953975380521E+02 1 1.876910000000000E+01 
1.859168373362351E+02 1.401578191033037E+01 1 1.857710000000000E+01 
1.519334872283963E+02 1.231956252198200E+02 1 2.825410000000000E+01 
-2.610448155497343E+01 1.459122615296448E+02 1 2.508970000000000E+01 
-4.908519001046767E+01 2.741080014515555E+01 1 2.916450000000000E+01 
5.773626432247742E+01 -5.000000000000000E+01 1 3.027950000000000E+01 
2.460984758278093E+02 2.565328328362959E+01 1 2.420950000000000E+01 
