# input file for alanine 2D (d4-d13)

# optimization
userfn       userfn_2D.py
bounds       -50 310; -50 310
num_tasks    2
kernel       stdp
initpts      2 30
iterpts      50
verbosity    2
kappa_fixto  0 0
W_rank       2
W_prior      gaussian
W_priorparam 7.606 4.226
thetaprior gamma
thetapriorparam 2 0.019; 3.3678 9.0204; 3.3678 9.0204

RESULTS:
3.788616300370999E+01 6.592166667082313E+01 0 -2.029924187581585E+05 
-9.802653768267476E+00 7.282986872075985E+01 0 -2.029894163022066E+05 
4.082124710276335E+01 -7.433623008328212E-01 1 2.639670000000000E+01 
2.313715005652739E+02 2.283409881766376E+02 1 3.346050000000000E+01 
4.654643265902280E+00 7.495183477667365E+01 1 3.597330000000000E+01 
-3.832939459228771E+00 2.239807526465594E+02 1 2.631600000000000E+01 
8.266867724506496E+01 2.860814296712538E+02 1 3.276090000000000E+01 
3.039890161207784E+02 9.079824922339969E+01 1 3.575200000000000E+01 
5.569361659824573E+01 2.742309858497980E+02 1 3.221860000000000E+01 
-4.772013759028373E+01 2.838518975511894E+02 1 3.039700000000000E+01 
1.726413152959334E+02 -6.244431388872288E-01 1 2.085720000000000E+01 
6.469127407539936E+01 1.852448512095972E+02 1 1.762570000000000E+01 
2.349716858722847E+02 3.100000000000000E+02 1 3.158630000000000E+01 
3.014861217147193E+01 3.100000000000000E+02 1 3.315270000000000E+01 
2.311687890633063E+02 8.041819076830168E+01 1 3.726360000000000E+01 
-2.459618595866784E+01 -4.781350881057372E+01 1 2.874820000000000E+01 
-4.135010623057074E+01 1.577466387577555E+02 1 2.258870000000000E+01 
2.684855892082005E+02 5.507913142337233E+01 1 3.297170000000000E+01 
3.488598499221446E+01 1.962883085336485E+02 1 1.945710000000000E+01 
-1.822916639989490E+01 3.344821243156442E+01 1 3.576170000000000E+01 
2.154095804976541E+02 -1.580764882334773E+01 1 2.158610000000000E+01 
8.233712630131794E+01 -1.332852151940224E+01 1 2.714910000000000E+01 
-9.887551075082138E+00 1.826255352840071E+02 1 2.063440000000000E+01 
2.857229345557826E+02 1.878667660155045E+02 1 2.247760000000000E+01 
1.005368080293012E+01 2.938815447568075E+02 1 3.442960000000000E+01 
3.074777615678903E+01 7.324177680664893E+01 1 3.343120000000000E+01 
3.100000000000000E+02 1.227338267773468E+02 1 3.058950000000000E+01 
8.437131076532074E+01 2.177011435200982E+02 1 2.326460000000000E+01 
2.980866428665533E+02 2.284693004897503E+01 1 2.528580000000000E+01 
2.606350841650873E+02 -3.107156287648858E+01 1 2.382640000000000E+01 
1.106256891114053E+02 1.820358427355168E+02 1 2.021120000000000E+01 
1.431460670728844E+02 2.962925266643526E+02 1 3.678040000000000E+01 
