# input file for alanine 2D (d4-d13)

# optimization
userfn       userfn_2D.py
bounds       -50 310; -50 310
num_tasks    2
kernel       stdp
initpts      2 30
iterpts      50
verbosity    2
kappa_prior  gamma
kappa_priorparam 1 71.428
W_prior      gaussian
W_priorparam 0 8.451


RESULTS:
2.285844908573664E+02 -4.697138873208755E+01 0 -2.029978202724018E+05 
8.118981664273858E+01 -1.385913438208628E+01 0 -2.030016783254455E+05 
2.619128322265000E+02 5.327941898118290E+00 1 1.974980000000000E+01 
9.351699505936159E+01 1.389004902663687E+02 1 2.466380000000000E+01 
1.553241627286023E+02 -1.438877170987668E+01 1 2.842660000000000E+01 
-3.705055323002497E+01 1.377120594905095E+02 1 2.692280000000000E+01 
5.818716668710234E+01 1.809641961861035E+02 1 1.748880000000000E+01 
2.082409823652383E+02 2.106312980977412E+02 1 2.797590000000000E+01 
-1.602654984114017E+01 1.571807312927918E+02 1 2.287780000000000E+01 
1.416367733942841E+02 4.745686393013692E+01 1 2.865860000000000E+01 
1.272563036977771E+02 2.154741724887985E+02 1 2.546100000000000E+01 
2.348645482141638E+02 1.956463410540917E+02 1 2.779200000000000E+01 
5.904512661524354E+01 1.250613446275156E+02 1 2.642020000000000E+01 
2.659060697885936E+02 9.625660418613481E+01 1 3.747880000000000E+01 
-2.732392870129872E+01 2.471523559541074E+02 1 3.009030000000000E+01 
1.878809094598860E+01 2.922786635984482E+02 1 3.449710000000000E+01 
5.203695065959329E+01 2.848987310499215E+02 1 3.252810000000000E+01 
4.233215696349819E+01 1.851900090280153E+02 1 1.809680000000000E+01 
1.133653980453499E+02 2.778928246475485E+02 1 3.577480000000000E+01 
2.881145056214019E+02 -2.925202215453396E+01 1 2.093070000000000E+01 
1.048549693898702E+02 1.115904094932651E+02 1 3.120070000000000E+01 
1.853511661348939E+02 2.736327032652637E+02 1 3.589990000000000E+01 
7.698128141065943E+01 -2.847727257622839E+01 1 2.728190000000000E+01 
1.445676710271287E+02 8.566388236651380E+01 1 3.218830000000000E+01 
8.190214205889582E+01 2.503730944252763E+02 1 3.017410000000000E+01 
1.984800657780846E+00 2.228488128701001E+02 1 2.604620000000000E+01 
2.153415923281162E+02 2.931126082818076E+02 1 3.557860000000000E+01 
2.811910270996418E+02 5.806305297063126E+01 1 3.346950000000000E+01 
1.094926650317851E+02 3.844257081052228E+01 1 3.367050000000000E+01 
3.238144773024520E+01 9.850548563732089E+01 1 3.233820000000000E+01 
8.165677742246244E+01 1.897182030476089E+02 1 1.861430000000000E+01 
1.030307158365003E+01 7.648084054875882E+01 1 3.545480000000000E+01 
