# input file for alanine 2D (d4-d13)

# optimization
userfn       userfn_2D.py
bounds       -50 310; -50 310
num_tasks    2
kernel       stdp
initpts      2 30
iterpts      50
verbosity    2
W_prior      gaussian
W_priorparam 10.757 4.226

thetaprior gamma
thetapriorparam 2 0.019; 3.3678 9.0204; 3.3678 9.0204
RESULTS:
8.774822361299118E+01 2.441933688386006E+02 0 -2.029941983666500E+05 
2.480755090735909E+02 -3.458304526566875E+00 0 -2.030122461078870E+05 
7.922776784588126E+01 2.977001020258426E+02 1 3.174130000000000E+01 
2.544111194024115E+02 -3.518186149729558E+01 1 2.567380000000000E+01 
2.904835523614846E+02 2.446531670348105E+02 1 3.054930000000000E+01 
-2.546652994076312E+01 2.562503763144369E+01 1 3.435100000000000E+01 
9.976066414551580E+01 1.737951671764972E+02 1 1.965550000000000E+01 
2.550392101793038E+02 2.943117116790938E+02 1 3.399610000000000E+01 
1.942817326274734E+02 1.624796998350396E+02 1 2.363490000000000E+01 
1.859349033821350E+02 1.881136018186079E+02 1 2.222810000000000E+01 
4.309478880504252E+00 2.920385825783551E+02 1 3.424500000000000E+01 
5.780715876487962E+01 1.749200932632158E+02 1 1.759540000000000E+01 
1.293652914509440E+02 -2.264873476423919E+01 1 3.510950000000000E+01 
-4.700983355913578E+01 2.737840602718858E+02 1 3.110890000000000E+01 
8.725640971396288E+01 2.293280512097361E+02 1 2.614420000000000E+01 
1.290336574252094E+01 -2.842518744927975E+01 1 3.362060000000000E+01 
2.593108248566170E+02 2.586705267992956E+02 1 3.624120000000000E+01 
2.185536867001276E+02 2.013554547712944E+02 1 2.752870000000000E+01 
2.653392512881794E+01 7.614122842158994E+01 1 3.387630000000000E+01 
1.061582345491032E+02 4.723197002649803E+00 1 3.422380000000000E+01 
5.930295207366996E+01 1.812827882622643E+02 1 1.748710000000000E+01 
1.746323034248250E+02 9.304625695853316E+00 1 1.951000000000000E+01 
3.813886699881064E+01 -4.481084512825510E+01 1 3.182830000000000E+01 
4.106806277801937E+01 1.828637215427306E+02 1 1.809650000000000E+01 
7.186960486190242E+01 1.545061300115279E+02 1 2.017000000000000E+01 
2.656254850370652E+02 1.200575372730953E+02 1 3.448210000000000E+01 
8.053807371340690E+01 2.792987678243156E+01 1 3.106270000000000E+01 
5.669052916950299E+01 2.543820053104075E+02 1 3.015080000000000E+01 
2.556810093560877E+02 1.504846423901099E+02 1 2.918410000000000E+01 
1.649517619617216E+02 1.422763274830268E+02 1 2.453040000000000E+01 
3.749219178692709E+01 2.892063385234090E+02 1 3.348460000000000E+01 
5.405016960891482E+01 1.127183030043138E+01 1 2.511400000000000E+01 
