# input file for alanine 2D (d4-d13)

# optimization
userfn       userfn_2D.py
bounds       -50 310; -50 310
num_tasks    2
kernel       stdp
initpts      2 30
iterpts      50
verbosity    2
kappa_fixto  0 0
W_rank       2
W_prior      gaussian
W_priorparam 7.606 4.226


RESULTS:
9.748787144766588E+01 7.075471778119775E+01 0 -2.029890984766346E+05 
1.438922699565168E+02 3.566256086859322E+01 0 -2.029978446719775E+05 
4.504951887295080E+01 1.732466349314722E+02 1 1.803800000000000E+01 
-3.249583647945472E+00 -3.522839081816802E+01 1 3.209450000000000E+01 
2.652079184714871E+02 -3.983948810156829E+01 1 2.579170000000000E+01 
3.272538012506892E+01 6.378470746021074E+01 1 3.267490000000000E+01 
1.546191364290179E+02 2.356525903036438E+02 1 3.029590000000000E+01 
2.687077968680483E+02 1.177958998621993E+02 1 3.459520000000000E+01 
4.540626481618030E+01 1.070435483186191E+02 1 3.036050000000000E+01 
-3.221925970500114E+01 -2.081507928047879E+01 1 2.497390000000000E+01 
2.197123793984351E+02 1.485386586860240E+02 1 2.897940000000000E+01 
3.100000000000000E+02 1.044484560889334E+02 1 3.421240000000000E+01 
3.011884408292977E+01 2.254851665103821E+01 1 2.835210000000000E+01 
2.443559520894907E+02 7.214710251539793E+00 1 2.041300000000000E+01 
1.820681008917247E+01 2.977524159484942E+02 1 3.436090000000000E+01 
2.737214342521069E+02 -7.001670131928155E+00 1 1.865620000000000E+01 
2.895559124443246E+02 7.159545354888442E+01 1 3.552410000000000E+01 
8.193707572471249E+01 1.357610034971604E+02 1 2.468460000000000E+01 
-5.000000000000000E+01 2.307055974048277E+02 1 2.687560000000000E+01 
7.279574639541346E+01 3.904867591495827E+01 1 3.100100000000000E+01 
1.371671499333065E+02 9.907485623991819E+01 1 3.222010000000000E+01 
1.554363198280226E+02 2.804277140788619E+02 1 3.652040000000000E+01 
1.752568953429269E+02 7.348894661076196E+01 1 3.015990000000000E+01 
3.080239409659743E+02 1.870736419601771E+02 1 2.062550000000000E+01 
1.206143247008934E+02 2.232973909893838E+02 1 2.708510000000000E+01 
1.119659600945102E+02 2.597866199865215E+02 1 3.416120000000000E+01 
1.728787122684211E+02 1.141153834811236E+02 1 2.980910000000000E+01 
-1.457954175728018E+01 2.757752615555456E+02 1 3.316110000000000E+01 
2.013242767586787E+02 2.668220524990084E+02 1 3.666410000000000E+01 
8.173028610381081E+01 -4.286776121263371E+01 1 2.956330000000000E+01 
-1.262221609148830E+01 2.426651321622309E+02 1 2.999840000000000E+01 
-1.428751997891109E+01 1.881659832461740E+02 1 2.077410000000000E+01 
