# input file for alanine 2D (d4-d13)

# optimization
userfn       userfn_2D.py
bounds       -50 310; -50 310
num_tasks    2
kernel       stdp
initpts      2 30
iterpts      50
verbosity    2
W_prior      gaussian
W_priorparam 10.757 4.226


RESULTS:
2.431278819264155E+02 -3.218498721421691E-01 0 -2.030123450200674E+05 
1.123820265582841E+02 2.302202214977938E+02 0 -2.029974502096522E+05 
7.564376724028196E+01 6.510343060090132E+01 1 3.339670000000000E+01 
2.748963994815294E+02 1.440666027993346E+02 1 2.835670000000000E+01 
1.891816613676517E+02 8.681300946731970E+00 1 1.832690000000000E+01 
1.183950469517882E+02 6.698910581498581E+01 1 3.380190000000000E+01 
2.304591494103473E+02 8.525461744973920E+01 1 3.760640000000000E+01 
1.416367733942841E+02 4.745686393013692E+01 1 2.865860000000000E+01 
1.109364799070528E+02 1.628521990501410E+02 1 2.119850000000000E+01 
1.347019208582439E+01 2.587363888394996E+02 1 3.289610000000000E+01 
2.153415923281162E+02 2.931126082818076E+02 1 3.557860000000000E+01 
1.200669961031152E+00 1.805362973068931E+01 1 3.461170000000000E+01 
1.900304017227349E+02 -4.791477690632352E+01 1 3.089090000000000E+01 
6.567166969088668E-01 1.826222367288358E+02 1 2.048740000000000E+01 
1.133896059854570E+02 2.402888383253936E+02 1 3.070780000000000E+01 
8.190214205889582E+01 2.503730944252763E+02 1 3.017410000000000E+01 
1.894716748937049E+02 7.659701256162015E+01 1 3.151890000000000E+01 
1.853511661348939E+02 2.736327032652637E+02 1 3.589990000000000E+01 
2.932416513087815E+02 -6.538766872361735E+00 1 1.877860000000000E+01 
2.082409823652383E+02 2.106312980977412E+02 1 2.797590000000000E+01 
1.036487761480338E+01 -3.632617120435923E+01 1 3.353940000000000E+01 
8.923289694490721E+01 2.251810370024122E+01 1 3.229470000000000E+01 
2.703140303202164E+02 1.812911345012995E+02 1 2.437420000000000E+01 
2.311825133878088E+02 4.729748719232587E+01 1 3.004900000000000E+01 
1.878809094598860E+01 2.922786635984482E+02 1 3.449710000000000E+01 
4.945235630107282E+01 7.517046134921691E+01 1 3.259840000000000E+01 
-5.000000000000000E+01 8.990661435714624E+01 1 3.586530000000000E+01 
2.037617165362886E+02 1.784799086580802E+02 1 2.398550000000000E+01 
2.593699963747508E+02 2.116527262458821E+02 1 2.877100000000000E+01 
2.659060697885936E+02 9.625660418613481E+01 1 3.747880000000000E+01 
1.133653980453499E+02 2.778928246475485E+02 1 3.577480000000000E+01 
2.881145056214019E+02 -2.925202215453396E+01 1 2.093070000000000E+01 
