# input file for alanine 2D (d4-d13)

# optimization
userfn       userfn_2D.py
bounds       -50 310; -50 310
num_tasks    2
kernel       stdp
initpts      2 30
iterpts      50
verbosity    2
kappa_prior  gamma
kappa_priorparam 2 0.014
thetaprior gamma
thetapriorparam 2 0.019; 3.3678 9.0204; 3.3678 9.0204

RESULTS:
7.357159006496944E+01 1.113908635513527E+00 0 -2.030022494239616E+05 
2.483500643324984E+02 3.100000000000000E+02 0 -2.029983532865988E+05 
-1.720750837654736E+01 1.819802604054620E+02 1 2.059640000000000E+01 
1.526398523543271E+02 -3.166980821313076E+01 1 3.259810000000000E+01 
7.931962381813226E+01 4.596391066046547E+01 1 3.259760000000000E+01 
2.072634650448589E+02 2.976306254481406E+02 1 3.437510000000000E+01 
4.036552862146695E+01 3.489426577923542E+01 1 2.841850000000000E+01 
1.033135308908913E+02 9.558051421987480E+00 1 3.402300000000000E+01 
8.623000135171506E+01 1.927062890964780E+02 1 1.918060000000000E+01 
4.695543483513679E+01 7.573102952162830E+01 1 3.265050000000000E+01 
2.163909924838041E+02 8.745749532258547E+00 1 1.940860000000000E+01 
2.504381450005395E+02 -1.171969098037668E+01 1 2.053260000000000E+01 
6.748302564659380E+01 2.841413148242151E+02 1 3.216880000000000E+01 
1.056272597949295E+02 2.766402278312815E+02 1 3.500700000000000E+01 
6.071164968590411E+01 1.815152272276860E+02 1 1.749040000000000E+01 
2.481770084897692E+01 1.132680853260012E+02 1 3.061780000000000E+01 
2.517599267870062E+02 1.750490155754326E+02 1 2.655810000000000E+01 
-5.000000000000000E+01 3.403019989045825E+01 1 3.058680000000000E+01 
2.063745341231860E+02 7.685233585766410E+01 1 3.373370000000000E+01 
5.988230782235883E+01 1.793567324542981E+02 1 1.748400000000000E+01 
1.921328977444151E+02 8.980722671611883E+00 1 1.828330000000000E+01 
2.454938466528771E+02 2.358405021419672E+02 1 3.466700000000000E+01 
2.183711508974863E+02 1.664115498514653E+02 1 2.637000000000000E+01 
2.575194106007117E+02 1.307925519004455E+02 1 3.305930000000000E+01 
7.250704176582433E+01 1.778958626698173E+02 1 1.778160000000000E+01 
5.661461254712626E+01 1.363225863617340E+00 1 2.463360000000000E+01 
5.209394351943616E+01 1.820173969693722E+02 1 1.760090000000000E+01 
6.146066754649531E+01 1.406252643520470E+02 1 2.278500000000000E+01 
1.972012283832736E+02 6.307235865059695E+00 1 1.831150000000000E+01 
1.935349165395601E+02 1.776745609329281E+02 1 2.267690000000000E+01 
2.879685355587337E+02 -3.302888280877713E+01 1 2.178080000000000E+01 
2.657997124087940E+02 6.313551174213067E+00 1 1.973080000000000E+01 
