# input file for alanine 2D (d4-d13)

# optimization
userfn       userfn_2D.py
bounds       -50 310; -50 310
num_tasks    2
kernel       stdp
initpts      2 30
iterpts      50
verbosity    2
kappa_fixto  0 0
W_rank       2
W_prior      gaussian
W_priorparam 7.606 4.226
thetaprior gamma
thetapriorparam 2 0.019; 3.3678 9.0204; 3.3678 9.0204

RESULTS:
2.914849449761115E+02 5.867763986835394E+01 0 -2.029917252495944E+05 
2.387655167303981E+02 1.787075135267713E+02 0 -2.030066711239589E+05 
7.830439627437596E+01 -4.522771074223517E+01 1 2.960600000000000E+01 
2.070382309625702E+02 -2.036610491888221E+01 1 2.258620000000000E+01 
2.158389364328036E+02 2.534027953037966E+02 1 3.683730000000000E+01 
8.830607571293412E+01 1.156722568060394E+02 1 2.966070000000000E+01 
4.821232741792020E+01 -1.384434135429746E+01 1 2.634280000000000E+01 
1.160010003003678E+02 1.707995358461727E+02 1 2.067040000000000E+01 
1.904559193457111E+02 2.658202513465546E+02 1 3.587000000000000E+01 
2.000054049054858E+02 6.262257798964672E+01 1 3.025550000000000E+01 
4.861558005436852E+01 2.764778728526835E+01 1 2.705710000000000E+01 
3.549267996075518E+00 3.096716237085611E+02 1 3.337060000000000E+01 
1.276256370004436E+02 3.103551456970685E+01 1 3.065370000000000E+01 
2.259459103152426E+02 1.445457473654438E+02 1 3.032190000000000E+01 
5.798592378113614E+01 1.781766117544757E+02 1 1.750250000000000E+01 
1.772151996505687E+01 9.405141634152936E+01 1 3.402820000000000E+01 
1.649329017569999E+02 2.389293789381400E+02 1 3.100200000000000E+01 
1.327199936800830E+02 2.124158653109213E+02 1 2.486400000000000E+01 
9.036773540290547E+01 -2.119196083305822E+01 1 2.888700000000000E+01 
1.937304198302870E+02 4.892869860443285E+00 1 1.832320000000000E+01 
2.327333317861155E+02 2.857522657376166E+02 1 3.709580000000000E+01 
2.791807270060619E+02 -4.699134847558621E+00 1 1.848380000000000E+01 
9.407698078970835E+00 -1.602001959296699E+01 1 3.400850000000000E+01 
2.528292700226052E+02 1.082918999589424E+02 1 3.728520000000000E+01 
1.137663707408300E+02 7.790067234019750E+01 1 3.436350000000000E+01 
1.779647361112286E+02 1.472512132701801E+02 1 2.419400000000000E+01 
8.242460113828571E+01 2.688440019520860E+02 1 3.249150000000000E+01 
1.493482800114951E+01 2.340821928022006E+01 1 3.165350000000000E+01 
2.824326635268853E+02 1.599710956418357E+02 1 2.448480000000000E+01 
2.771325904446992E+02 2.433979006618630E+02 1 3.208490000000000E+01 
1.594832821347132E+02 2.735887350953585E+02 1 3.614420000000000E+01 
1.503278099799311E+02 8.482756342116542E+01 1 3.176650000000000E+01 
