# input file for alanine 2D (d4-d13)

# optimization
userfn       userfn_2D.py
bounds       -50 310; -50 310
num_tasks    2
kernel       stdp
initpts      2 30
iterpts      50
verbosity    2
kappa_prior  gamma
kappa_priorparam 1 71.428
W_prior      gaussian
W_priorparam 0 8.451
thetaprior gamma
thetapriorparam 2 0.019; 3.3678 9.0204; 3.3678 9.0204

RESULTS:
7.884360609202581E+01 1.801033417776765E+02 0 -2.030093332389620E+05 
1.157966993696168E+02 1.438331106465943E+02 0 -2.030021397142521E+05 
3.064064817541659E+02 1.710344524334055E+02 1 2.111110000000000E+01 
2.396493635218885E+02 1.915949464514626E+02 1 2.742580000000000E+01 
1.338191788519973E+02 4.916838489915015E+01 1 3.028110000000000E+01 
3.100000000000000E+02 -4.532895330430266E+01 1 2.485810000000000E+01 
2.748143983543262E+02 1.674033668350621E+02 1 2.450410000000000E+01 
1.381593269517349E+01 2.260467228129731E+01 1 3.191390000000000E+01 
1.409672104044673E+02 8.190957713759602E+01 1 3.238430000000000E+01 
6.431502668372113E+01 2.486791244365963E+02 1 2.913940000000000E+01 
2.936457869500266E+02 2.709391428670286E+02 1 3.189680000000000E+01 
-3.604192304078592E+01 2.014267209521859E+02 1 2.162370000000000E+01 
6.595232730060489E+01 1.897799013710460E+02 1 1.790890000000000E+01 
2.454445193785675E+02 1.555717183544579E+02 1 2.891620000000000E+01 
1.417002579250258E+02 1.233915651542927E+02 1 2.853180000000000E+01 
1.131898891607884E+02 1.983756284618783E+02 1 2.171380000000000E+01 
2.423411637074703E+02 2.742201809705667E+02 1 3.790750000000000E+01 
2.570183662564571E+02 1.695904418703265E+01 1 2.194150000000000E+01 
2.692799957677265E+02 8.874011396704135E+01 1 3.740830000000000E+01 
1.485952794967254E+02 -2.214456734268229E+01 1 3.192780000000000E+01 
1.061955439149928E+02 2.954954994204799E+01 1 3.404590000000000E+01 
-5.000000000000000E+01 2.271407652957551E+02 1 2.619080000000000E+01 
2.753243817648974E+01 5.728046196497352E+01 1 3.250340000000000E+01 
-1.316114412582158E+01 1.127307975118676E+02 1 3.293630000000000E+01 
1.652272029434322E+02 1.676279560473805E+02 1 2.098280000000000E+01 
2.415146128988662E+02 2.315275268617737E+02 1 3.404450000000000E+01 
1.680504342451741E+02 2.221924828059408E+02 1 2.710170000000000E+01 
-1.836885118640919E+01 1.602840173343710E+01 1 3.450490000000000E+01 
2.733317824264257E+02 2.012816294914454E+02 1 2.530610000000000E+01 
1.098851808053163E+02 1.702809552635187E+02 1 2.044860000000000E+01 
1.395839000659859E+01 2.334311759013534E+02 1 2.811500000000000E+01 
1.041509750882240E+02 9.861776954542734E+01 1 3.319530000000000E+01 
