# input file for alanine 4D

# optimization
userfn       userfn_4D.py
bounds       -50 310; -50 70; -50 310; -50 310
kernel       stdp
data_sources 2
initpts 2 15
iterpts      100
verbosity    2


RESULTS:
-5.000000000000000E+01 -5.000000000000000E+01 -5.000000000000000E+01 -5.000000000000000E+01 0 3.416900000000000E+01
1.300000000000000E+02 1.000000000000000E+01 1.300000000000000E+02 1.300000000000000E+02 0 3.298980000000000E+01
-5.000000000000000E+01 -5.000000000000000E+01 -5.000000000000000E+01 -5.000000000000000E+01 1 -8.802466732826000E+03
1.300000000000000E+02 1.000000000000000E+01 1.300000000000000E+02 1.300000000000000E+02 1 -8.802391830756000E+03
3.078958079356198E+02 -1.440166822106385E+01 -2.729273814129908E+01 2.148718113365521E+01 1 -8.802634826079000E+03
-5.948364909367658E+00 -1.612381630688262E+01 2.887797590081158E+02 5.997648479951751E+01 1 -8.802229746330000E+03
5.945904231579529E+01 2.472685403189485E+00 -1.300601246740191E+01 4.612177194755883E+00 1 -8.802711906263001E+03
1.143232827914293E+02 1.108995375891651E+00 3.100000000000000E+02 1.495310402061698E+00 1 -8.802287956454000E+03
5.718822603331837E+00 -1.096734464628037E+00 7.576761498240363E-01 -3.416369975334829E+00 1 -8.802618280408000E+03
1.587729454066950E+01 -1.497650715533751E+01 6.851283734667089E+01 2.645490756440130E+02 1 -8.802152929676000E+03
2.768720915610861E+02 3.833137116874275E+00 -2.260519084243688E+00 2.150154423061755E+01 1 -8.802827940196999E+03
3.040978678106708E+02 1.820672722158246E+01 -3.127684275752414E+01 8.240961955667906E+00 1 -8.802695107289999E+03
2.428733378609119E+02 -1.600428944876619E+01 1.594339813146873E+01 1.325220911047024E+01 1 -8.802867085828000E+03
2.529150208875868E+02 -4.826131919583050E+00 1.229463648885864E+00 3.100000000000000E+02 1 -8.802319296586000E+03
-5.000000000000000E+01 -1.285469926579029E+01 4.923971305626137E+01 2.813692021739123E+01 1 -8.802530640183000E+03
2.278999807828314E+02 -7.821549468907550E+00 -1.215420591977710E+00 5.058194078982857E+01 1 -8.802497889761000E+03
3.137277262356636E+01 3.052670305564804E+01 3.100000000000000E+02 5.546670819318263E+00 1 -8.802683555129001E+03
