# input file for alanine 2D (d4-d13)

# optimization
userfn       userfn_2D.py
bounds       -50 310; -50 310
num_tasks    2
kernel       stdp
initpts      2 30
iterpts      50
verbosity    2
kappa_prior  gamma
kappa_priorparam 2 0.014
thetaprior gamma
thetapriorparam 2 0.019; 3.3678 9.0204; 3.3678 9.0204

RESULTS:
3.382367103745445E+01 6.913674061891223E+01 0 -2.029918829206263E+05 
1.808347575606022E+01 2.453108500436601E+02 0 -2.029935814231426E+05 
1.904559193457111E+02 2.658202513465546E+02 1 3.587000000000000E+01 
2.822187407427470E+02 1.723564775723177E+01 1 2.202370000000000E+01 
-2.868033549166710E+01 -2.787043499150051E+01 1 2.599230000000000E+01 
1.461990626542843E+02 1.487298445099158E+02 1 2.345460000000000E+01 
1.394314112037477E+02 -2.823053434003700E+01 1 3.453130000000000E+01 
3.646059199123754E+01 2.772387857387447E+02 1 3.344570000000000E+01 
1.594832821347132E+02 2.735887350953585E+02 1 3.614420000000000E+01 
1.772151996505687E+01 9.405141634152936E+01 1 3.402820000000000E+01 
2.069172293365704E+02 4.221360303774887E+00 1 1.868350000000000E+01 
2.461438903572866E+02 -4.137726085634785E+01 1 2.832560000000000E+01 
2.001334719179693E+02 1.750996544665909E+02 1 2.354690000000000E+01 
1.200465777517231E+02 1.366672679930705E+02 1 2.616840000000000E+01 
2.907855122556131E+02 2.724143597320048E+02 1 3.210830000000000E+01 
2.304900240467289E+02 1.891515967194725E+02 1 2.707970000000000E+01 
3.917289661821249E+01 5.666699727427643E+01 1 3.152310000000000E+01 
-4.233641548170523E+01 3.596277324153140E+01 1 3.255190000000000E+01 
2.824326635268853E+02 1.599710956418357E+02 1 2.448480000000000E+01 
5.913256563921752E+01 1.806577778935402E+02 1 1.748340000000000E+01 
-4.089176531245056E+01 1.757389033242675E+02 1 2.050710000000000E+01 
2.918870398518268E+02 8.184156981168533E+01 1 3.609280000000000E+01 
2.680253128751302E+02 6.091562933436033E+01 1 3.434760000000000E+01 
4.935730864773853E+01 1.150439177617151E+02 1 2.874290000000000E+01 
1.649329017569999E+02 2.389293789381400E+02 1 3.100200000000000E+01 
9.036773540290547E+01 -2.119196083305822E+01 1 2.888700000000000E+01 
7.018198174774746E+01 1.070905919841205E+01 1 2.652450000000000E+01 
3.089362090109074E+02 2.014600207060226E+02 1 2.177790000000000E+01 
1.092946117114827E+02 -5.000000000000000E+01 1 3.412410000000000E+01 
1.750636040402108E+02 3.001408980575110E+02 1 3.408310000000000E+01 
2.259459103152426E+02 1.445457473654438E+02 1 3.032190000000000E+01 
3.091661247443738E+02 -7.314369467354479E+00 1 2.097460000000000E+01 
