# input file for alanine 2D (d4-d13)

# optimization
userfn       userfn_4D.py
bounds       -50 310; -50 70; -50 310; -50 310
kernel       stdp
data_sources 2
initpts 2 5
iterpts      100
verbosity    2


RESULTS:
-5.000000000000000E+01 -5.000000000000000E+01 -5.000000000000000E+01 -5.000000000000000E+01 0 -8.802466732826000E+03
1.300000000000000E+02 1.000000000000000E+01 1.300000000000000E+02 1.300000000000000E+02 0 -8.802391830756000E+03
-5.000000000000000E+01 -5.000000000000000E+01 -5.000000000000000E+01 -5.000000000000000E+01 1 3.416900000000000E+01
1.300000000000000E+02 1.000000000000000E+01 1.300000000000000E+02 1.300000000000000E+02 1 3.298980000000000E+01
1.311274167667436E+02 -9.269824116603850E+00 1.346494725087673E+02 1.361503674073360E+02 1 3.143360000000000E+01
1.326741115645440E+02 -2.359120368280697E+01 1.453391485901209E+02 1.504418832256138E+02 1 2.663870000000000E+01
1.331245091185885E+02 -3.422834459621473E+01 1.586469446027791E+02 1.705659478286683E+02 1 2.210240000000000E+01
