# input file for alanine 4D

# optimization
userfn       userfn_4D.py
bounds       -50 310; -50 70; -50 310; -50 310
kernel       stdp
data_sources 2
initpts 2 15
iterpts      100
verbosity    2

RESULTS:
-5.000000000000000E+01 -5.000000000000000E+01 -5.000000000000000E+01 -5.000000000000000E+01 0 3.416900000000000E+01
1.300000000000000E+02 1.000000000000000E+01 1.300000000000000E+02 1.300000000000000E+02 0 3.298980000000000E+01
-5.000000000000000E+01 -5.000000000000000E+01 -5.000000000000000E+01 -5.000000000000000E+01 1 -8.802466732826000E+03
1.300000000000000E+02 1.000000000000000E+01 1.300000000000000E+02 1.300000000000000E+02 1 -8.802391830756000E+03
5.468926769222378E+01 6.394345192138684E+01 2.699116716195164E+02 1.022379322298639E+01 1 -8.802862853488999E+03
5.455326365905901E+01 6.701766256398881E+01 2.610720023238399E+02 6.215864929869689E+01 1 -8.802538583153000E+03
1.111569549305332E+02 5.031649461310443E+01 5.159693796799243E+01 -1.935886713544659E+01 1 -8.802597435911999E+03
8.411696472959207E+01 6.236841658025698E+01 2.968697094674554E+02 -1.101808654609709E+01 1 -8.802786689551000E+03
5.354989116769312E+01 5.202204603095976E+01 2.478564439066465E+02 -1.353733611022163E+01 1 -8.802861866435000E+03
4.266696638480153E+01 3.422389723339117E+01 2.770772446630813E+02 3.100000000000000E+02 1 -8.802448805321999E+03
2.531586719028318E+02 2.389073991688029E+01 1.593013207083737E+02 -1.886357110509495E+01 1 -8.802557660910999E+03
-1.584583541486175E+01 -2.269537106310914E+01 1.194096166530964E+02 2.154862722271208E+02 1 -8.802717587263000E+03
7.273098961570196E+01 6.750760849827353E+01 2.243598668792969E+02 -1.300025477600023E+01 1 -8.802906623768000E+03
1.020597544818629E+02 5.387321847776377E+01 2.284763557091272E+02 9.866235671693811E+00 1 -8.802880406662000E+03
1.294562989907234E+02 6.010751899869403E+01 2.083604029312648E+02 3.100000000000000E+02 1 -8.802619610004000E+03
3.572598832588847E+01 5.771045875652261E+01 1.859021695059791E+02 6.999747040697493E+00 1 -8.802871803931999E+03
5.484288940932868E+01 -2.555224338408656E+01 2.097288336759611E+02 4.264506371835291E+00 1 -8.802849849050999E+03
6.161795228756884E+01 1.770033253058218E+01 2.249586923354851E+02 1.305706948874169E+01 1 -8.802796522246999E+03
