# input file for alanine 2D (d4-d13)

# optimization
userfn       userfn_2D.py
bounds       -50 310; -50 310
num_tasks    2
kernel       stdp
initpts      2 30
iterpts      50
verbosity    2
kappa_fixto  0 0
W_rank       2
W_prior      gaussian
W_priorparam 7.606 4.226
thetaprior gamma
thetapriorparam 2 0.019; 3.3678 9.0204; 3.3678 9.0204

RESULTS:
7.507415886415581E+01 -3.742552661541436E+01 0 -2.029990527459156E+05 
-2.451956929681082E+01 1.572260740751944E+02 0 -2.030054983600786E+05 
1.767407573910037E+02 2.116821761179497E+02 1 2.505670000000000E+01 
2.140099715079335E+02 6.460438156294524E+01 1 3.264670000000000E+01 
5.939800645790896E+01 -1.704176345810372E+01 1 2.553810000000000E+01 
6.298184474129763E+01 1.884293976514768E+02 1 1.776680000000000E+01 
1.405259505457860E+02 2.830062258417034E+02 1 3.704180000000000E+01 
2.134920963849957E+02 1.992125972061478E+02 1 2.668570000000000E+01 
2.362775917629587E+02 1.313353641680004E+01 1 2.107620000000000E+01 
2.726949149561506E+02 -4.113999571479363E+00 1 1.868920000000000E+01 
2.663121564070917E+02 3.191831129929736E+01 1 2.611900000000000E+01 
3.322675672274838E+01 2.826947755089762E+02 1 3.381420000000000E+01 
1.557008227301396E+02 7.038791707487948E+01 1 3.024530000000000E+01 
2.791847904448047E+02 1.913042997074479E+02 1 2.350410000000000E+01 
9.192420400168466E+01 -2.614652511495762E+01 1 2.937700000000000E+01 
-1.427446353289808E+01 4.174594192862529E+01 1 3.613940000000000E+01 
3.027896553686465E+02 2.371684695961294E+02 1 2.834810000000000E+01 
1.910921631538376E+02 1.164868779758464E+01 1 1.836240000000000E+01 
-1.126662307950686E+01 1.550388429973412E+02 1 2.325070000000000E+01 
1.438897927128431E+01 5.261020262929453E+01 1 3.363370000000000E+01 
6.295191408166971E+01 1.629897435908548E+02 1 1.862740000000000E+01 
2.065014666437180E+02 2.981736359748086E+02 1 3.423530000000000E+01 
1.258367600224263E+02 2.562031876097404E+02 1 3.444170000000000E+01 
2.358490508062085E+02 9.237496155431192E+01 1 3.821590000000000E+01 
1.107656515665376E+02 2.024311147449125E+02 1 2.220330000000000E+01 
2.840196682948080E+02 -6.385716418282775E+00 1 1.842650000000000E+01 
8.261854988823893E+01 2.365888562812421E+01 1 3.100340000000000E+01 
2.983487928354799E+02 -6.641120766591182E+00 1 1.925760000000000E+01 
1.916551002359537E+02 -7.499729329496081E-02 1 1.871710000000000E+01 
1.584285947609267E+02 2.456283636361741E+02 1 3.246770000000000E+01 
6.199068088406964E+01 1.802889560848582E+02 1 1.749040000000000E+01 
2.437734968159947E+02 2.710402989777933E+02 1 3.795920000000000E+01 
