# input file for alanine 2D (d4-d13)

# optimization
userfn       userfn_4D.py
bounds       -50 310; -50 70; -50 310; -50 310
kernel       stdp
data_sources 2
initpts 2 25
iterpts      100
verbosity    2


RESULTS:
-5.000000000000000E+01 -5.000000000000000E+01 -5.000000000000000E+01 -5.000000000000000E+01 0 -8.802466732826000E+03
1.300000000000000E+02 1.000000000000000E+01 1.300000000000000E+02 1.300000000000000E+02 0 -8.802391830756000E+03
-5.000000000000000E+01 -5.000000000000000E+01 -5.000000000000000E+01 -5.000000000000000E+01 1 3.416900000000000E+01
1.300000000000000E+02 1.000000000000000E+01 1.300000000000000E+02 1.300000000000000E+02 1 3.298980000000000E+01
1.311274167667436E+02 -9.269824116603850E+00 1.346494725087673E+02 1.361503674073360E+02 1 3.143360000000000E+01
1.326741115645440E+02 -2.359120368280697E+01 1.453391485901209E+02 1.504418832256138E+02 1 2.663870000000000E+01
1.331245091185885E+02 -3.422834459621473E+01 1.586469446027791E+02 1.705659478286683E+02 1 2.210240000000000E+01
1.693233129131279E+02 -3.520928949618437E+01 1.852705622089383E+02 1.779671728388226E+02 1 1.875940000000000E+01
1.371178138219855E+02 -3.534459872388189E+01 2.244771650086060E+02 1.836312823215624E+02 1 2.027310000000000E+01
1.609304738168254E+02 -3.409310677655753E+01 1.880793743992144E+02 2.317722891975455E+02 1 2.594020000000000E+01
1.683175868163568E+02 6.457653414625369E+01 2.101491372077611E+02 1.593211283689972E+02 1 1.981360000000000E+01
2.161982091940185E+02 -3.303365008348466E+01 2.363155249315325E+02 1.633462619737156E+02 1 2.634160000000000E+01
1.971305094507076E+02 -5.000000000000000E+01 1.385301128814093E+02 1.740916182939347E+02 1 2.030610000000000E+01
1.494155865635368E+02 6.540946314654239E+01 3.100000000000000E+02 1.789764807344294E+02 1 2.301600000000000E+01
1.715427457260477E+02 4.304656765643939E+01 1.810591875684370E+02 1.927565946282082E+02 1 1.861370000000000E+01
1.760632337053742E+02 4.446123005156901E+01 7.821298973410589E+01 2.037754492392638E+02 1 2.434950000000000E+01
1.130763609650290E+02 3.889695373783371E+01 2.244653105960514E+02 1.925020956269759E+02 1 2.083050000000000E+01
2.496154559852881E+02 3.732291343927746E+01 1.680395326461546E+02 1.970046735954241E+02 1 2.455670000000000E+01
4.363538466365577E+01 6.668509576424580E+01 2.146980652681671E+02 1.807232070368753E+02 1 1.626580000000000E+01
4.651427426712933E+01 6.148255037472322E+01 2.665786722492172E+02 1.530937785844532E+02 1 2.081380000000000E+01
1.170752715186806E+01 3.737762739802309E+01 2.171553936078819E+02 1.936604839220298E+02 1 2.085770000000000E+01
1.091769381990119E+01 7.000000000000000E+01 1.752920663143923E+02 1.543641177634438E+02 1 2.234460000000000E+01
4.519819510366462E+01 -2.867095231865789E+01 2.470049395357204E+02 2.043775399737484E+02 1 2.086530000000000E+01
5.596437819102199E+01 6.056963086366677E+01 1.710527563800701E+02 2.118127562120266E+02 1 1.958240000000000E+01
4.256373122914490E+01 6.478520701623634E+01 2.587816364635090E+01 1.916630143827785E+02 1 1.791670000000000E+01
5.661579561210713E+01 4.921856085384689E+01 -4.191737890826576E+01 2.122294686110757E+02 1 2.272110000000000E+01
2.139258574767722E+01 -3.020238516031777E+01 8.158675619916458E+01 2.029268862306602E+02 1 2.303440000000000E+01
