# input file for alanine 2D (d4-d13)

# optimization
userfn       userfn_2D.py
bounds       -50 310; -50 310
num_tasks    2
kernel       stdp
initpts      2 30
iterpts      50
verbosity    2
W_prior      gaussian
W_priorparam 10.757 4.226


RESULTS:
2.539408966843169E+02 2.115543822733876E+02 0 -2.030017495569311E+05 
3.503124296089744E+01 2.167118986040066E+02 0 -2.030026272197564E+05 
2.419692591438721E+02 1.692757388473814E+00 1 2.006660000000000E+01 
1.568339875889003E+02 5.466931349615940E+01 1 2.761310000000000E+01 
2.822187407427470E+02 1.723564775723177E+01 1 2.202370000000000E+01 
1.461990626542843E+02 1.487298445099158E+02 1 2.345460000000000E+01 
-4.233641548170523E+01 3.596277324153140E+01 1 3.255190000000000E+01 
2.656785662973527E+02 2.130323431616864E+02 1 2.821110000000000E+01 
4.646461151223715E+01 3.064753630182234E+02 1 3.166090000000000E+01 
1.092946117114827E+02 -5.000000000000000E+01 1 3.412410000000000E+01 
-1.842981683479760E+01 2.153924625453323E+02 1 2.429740000000000E+01 
-5.000000000000000E+01 2.393914488402355E+02 1 2.844730000000000E+01 
3.549267996075518E+00 3.096716237085611E+02 1 3.337060000000000E+01 
4.821232741792020E+01 -1.384434135429746E+01 1 2.634280000000000E+01 
1.194676037437924E+00 1.718383582387407E+02 1 2.079860000000000E+01 
1.959606865696133E+02 9.356316904763482E+01 1 3.339700000000000E+01 
4.369997612619372E+01 1.769522227490863E+02 1 1.796080000000000E+01 
1.901861001079327E+02 1.652559849414505E+01 1 1.871230000000000E+01 
2.467798624481807E+02 2.464037886552629E+02 1 3.629670000000000E+01 
1.390290793112723E+02 3.005083220823686E+02 1 3.670010000000000E+01 
2.249152840458541E+02 9.130299324704697E+01 1 3.731810000000000E+01 
1.328358947988673E+02 2.579728978657844E+02 1 3.490660000000000E+01 
-2.868033549166710E+01 -2.787043499150051E+01 1 2.599230000000000E+01 
2.784827126405715E+02 -3.353488855696954E+01 1 2.256230000000000E+01 
2.001334719179693E+02 1.750996544665909E+02 1 2.354690000000000E+01 
8.489832455125138E+01 1.991732519624883E+02 1 1.985200000000000E+01 
7.018198174774746E+01 1.070905919841205E+01 1 2.652450000000000E+01 
-2.220843312104882E+01 2.629235928392266E+02 1 3.214730000000000E+01 
2.327333317861155E+02 2.857522657376166E+02 1 3.709580000000000E+01 
1.503278099799311E+02 8.482756342116542E+01 1 3.176650000000000E+01 
1.750636040402108E+02 3.001408980575110E+02 1 3.408310000000000E+01 
1.904559193457111E+02 2.658202513465546E+02 1 3.587000000000000E+01 
