# input file for alanine 2D (d4-d13)

# optimization
userfn       userfn_2D.py
bounds       -50 310; -50 310
num_tasks    2
kernel       stdp
initpts      2 30
iterpts      50
verbosity    2
kappa_prior  gamma
kappa_priorparam 2 0.014
thetaprior gamma
thetapriorparam 2 0.019; 3.3678 9.0204; 3.3678 9.0204

RESULTS:
2.754051545358901E+01 -7.916675478139186E-02 0 -2.029984184812680E+05 
9.546103613786668E+00 2.616682091914458E+02 0 -2.029903000383538E+05 
7.206219491719679E+01 1.768985679467478E+02 1 1.778470000000000E+01 
1.646703456767315E+02 2.804267848817193E+01 1 2.191660000000000E+01 
6.610618587767097E+01 5.251689334722921E+01 1 3.169480000000000E+01 
5.883576491560854E+01 1.803544142653215E+02 1 1.748340000000000E+01 
1.858508817691024E+02 2.672324345229473E+02 1 3.572200000000000E+01 
2.156046722964890E+02 8.345402010747522E+01 1 3.577260000000000E+01 
1.957208938659497E+02 -2.090454971689442E+01 1 2.286930000000000E+01 
2.782023921713567E+02 -4.171968279802350E+00 1 1.851480000000000E+01 
2.248426323015142E+02 2.622531396132258E+02 1 3.810420000000000E+01 
1.529594907030896E+02 1.404088798100763E+02 1 2.488630000000000E+01 
2.665172794609132E+02 1.870686601609532E+02 1 2.499370000000000E+01 
4.102046402385768E+01 2.318499499067069E+02 1 2.618490000000000E+01 
1.248681640893646E+02 1.222357739824770E+02 1 2.922660000000000E+01 
1.754990374510088E+01 4.136345713507081E+01 1 3.209400000000000E+01 
2.120964348878333E+02 4.959620910596033E+01 1 2.850270000000000E+01 
4.339468427273432E+01 1.944496588488287E+01 1 2.628680000000000E+01 
2.276007938427742E+02 1.179250988463180E+02 1 3.547690000000000E+01 
2.941511472781592E+02 1.165250156217394E+02 1 3.252750000000000E+01 
9.151630851942323E+01 9.017860279534264E+01 1 3.370510000000000E+01 
9.424095692604126E+01 9.356177360138414E+00 1 3.217300000000000E+01 
2.132355726880950E+01 7.967461600459563E+01 1 3.438920000000000E+01 
4.805544843050509E+01 1.850989443220079E+02 1 1.782000000000000E+01 
1.660097612732564E+02 1.122366317016519E+02 1 2.987780000000000E+01 
-3.012712497857944E+01 1.304371541904549E+02 1 2.878630000000000E+01 
1.186905362513393E+02 2.864975863654203E+02 1 3.631750000000000E+01 
6.659344536799118E+01 -2.824272197926072E+01 1 2.676500000000000E+01 
-5.000000000000000E+01 -2.549012338271555E+01 1 2.139580000000000E+01 
2.916089060667122E+02 2.784009321761955E+02 1 3.165020000000000E+01 
1.439194933123787E+02 2.620925102707736E+02 1 3.550290000000000E+01 
4.297468347488972E+01 1.287865467816052E+02 1 2.597760000000000E+01 
