# input file for alanine 2D (d4-d13)

# optimization
userfn       userfn_2D.py
bounds       -50 310; -50 310
num_tasks    2
kernel       stdp
initpts      2 30
iterpts      50
verbosity    2
W_prior      gaussian
W_priorparam 10.757 4.226

thetaprior gamma
thetapriorparam 2 0.019; 3.3678 9.0204; 3.3678 9.0204
RESULTS:
2.803707045665238E+02 2.312546331187866E+02 0 -2.029970350136659E+05 
2.268846362077894E+02 9.093720335885127E+00 0 -2.030119380015810E+05 
1.631484066781562E+02 5.454551894132226E+01 1 2.702380000000000E+01 
1.133982212006445E+02 1.169829311433677E+02 1 3.032070000000000E+01 
4.474414118344442E+01 9.778867375590387E+01 1 3.169090000000000E+01 
2.598202280452936E+02 2.784721837165461E+02 1 3.584050000000000E+01 
1.978051371872028E+02 -4.381676065019217E+01 1 2.961840000000000E+01 
1.520323237974453E+01 1.203004019056001E+02 1 2.993240000000000E+01 
5.043814064222149E+01 2.624271155989622E+02 1 3.145930000000000E+01 
2.017365360015895E+02 7.114480277127065E+01 1 3.219720000000000E+01 
1.556576726637078E+02 2.584292243898593E+02 1 3.476820000000000E+01 
1.726292643889169E+01 1.537673783809100E+01 1 3.123810000000000E+01 
5.591358769744662E+01 1.492626986703662E+02 1 2.092910000000000E+01 
1.625584335499834E+02 1.772080326067403E+02 1 2.057620000000000E+01 
2.928383804445276E+02 1.025742116913536E+02 1 3.490590000000000E+01 
1.876927351093644E+02 1.521297134285420E+00 1 1.873470000000000E+01 
3.192174054207539E+01 1.861072155388510E+02 1 1.880280000000000E+01 
1.828037417771077E+02 2.275727984420052E+02 1 2.901370000000000E+01 
3.098294646281906E+02 7.124399875668989E+01 1 3.602390000000000E+01 
5.990110490906302E+01 1.797618481960445E+02 1 1.748220000000000E+01 
2.328555360833582E+02 2.940162126083048E+02 1 3.565860000000000E+01 
1.359420868788702E+02 3.399209308767287E+01 1 2.863170000000000E+01 
5.952187146043937E+01 1.804960584871048E+02 1 1.748220000000000E+01 
3.100000000000000E+02 -4.228778554496076E+01 1 2.422220000000000E+01 
1.585675111134140E+02 1.357746971560996E+02 1 2.573840000000000E+01 
-8.828472154351921E+00 3.100000000000000E+02 1 3.174830000000000E+01 
7.580258805612547E+01 6.583079417661138E+01 1 3.343420000000000E+01 
1.475985238444925E+02 8.766256068402004E+01 1 3.199660000000000E+01 
9.179659340098210E+01 2.420399600725879E+02 1 2.934760000000000E+01 
3.009954936004666E+02 1.334381757583374E+02 1 2.834690000000000E+01 
2.742120745452532E+02 2.249395863369211E+02 1 2.924740000000000E+01 
1.742596280027636E+02 1.387161314714824E+01 1 1.950500000000000E+01 
