# input file for alanine 2D (d4-d13)

# optimization
userfn       userfn_2D.py
bounds       -50 310; -50 310
num_tasks    2
kernel       stdp
initpts      2 30
iterpts      50
verbosity    2
kappa_fixto  0 0
W_rank       2
W_prior      gaussian
W_priorparam 7.606 4.226
thetaprior gamma
thetapriorparam 2 0.019; 3.3678 9.0204; 3.3678 9.0204

RESULTS:
1.668732674477746E+02 -6.143536273023153E+00 0 -2.030008570484717E+05 
2.013839783347321E+02 1.374237125621233E+01 0 -2.030105049051849E+05 
3.040363334332150E+02 1.923562253008032E+02 1 2.108820000000000E+01 
2.386517866333347E+02 1.849273380875971E+02 1 2.704320000000000E+01 
-1.279052215019038E+00 2.983993614197003E+02 1 3.352150000000000E+01 
1.348350014774494E+01 6.067754939732789E+01 1 3.443120000000000E+01 
1.948152216076925E+02 1.026851864976776E+01 1 1.832810000000000E+01 
8.059207340430943E+01 2.653046015908979E+02 1 3.208510000000000E+01 
1.483195358879608E+02 -5.978009895125582E+00 1 2.880920000000000E+01 
2.785170533460302E+02 7.907880141194310E+01 1 3.648850000000000E+01 
-1.821589081786139E+01 2.469247646877106E+02 1 3.049290000000000E+01 
-1.942508650099430E+01 4.555971172289714E+01 1 3.633890000000000E+01 
1.975179001004218E+02 2.942260850064189E+02 1 3.465400000000000E+01 
4.581595444709467E+01 1.937235417655055E+02 1 1.853490000000000E+01 
2.705904831507142E+02 2.203053354781061E+02 1 2.887760000000000E+01 
1.439921024671239E+02 2.112432566586164E+02 1 2.460260000000000E+01 
1.195621252746624E+02 1.097033282430740E-01 1 3.484210000000000E+01 
3.947601357634018E+01 2.606572427424126E+00 1 2.645780000000000E+01 
2.968685864322132E+02 -6.686995945019372E+00 1 1.909230000000000E+01 
6.121042178292178E+01 1.792386826609177E+02 1 1.748840000000000E+01 
3.819580832565452E+00 -3.301803842335469E+01 1 3.311810000000000E+01 
1.566636753895940E+02 2.422476258642527E+02 1 3.177370000000000E+01 
-5.000000000000000E+01 3.590683755241385E+01 1 3.101870000000000E+01 
-3.256726847393251E+01 -2.986402682188405E+01 1 2.514430000000000E+01 
2.735196349132310E+02 1.276676157257768E+02 1 3.210710000000000E+01 
1.709141040864109E+01 2.352476355141600E+02 1 2.839050000000000E+01 
2.019217968279034E+02 1.699038301915387E+02 1 2.400610000000000E+01 
-8.397960325045164E+00 1.462692063502234E+02 1 2.500980000000000E+01 
-1.064754926047442E+01 8.511406781672484E+01 1 3.665750000000000E+01 
-4.552810335369462E+01 7.290141985596355E+01 1 3.633720000000000E+01 
1.735279288454316E+02 1.426764225651730E+02 1 2.474960000000000E+01 
2.120352743328889E+02 1.261155500224713E+01 1 1.942460000000000E+01 
