# input file for alanine 2D (d4-d13)

# optimization
userfn       userfn_2D.py
bounds       -50 310; -50 310
num_tasks    2
kernel       stdp
initpts      2 30
iterpts      50
verbosity    2
thetaprior gamma
thetapriorparam 2 0.019; 3.3678 9.0204; 3.3678 9.0204


RESULTS:
1.433993021309017E+02 6.749403078322338E+01 0 -2.029929794338405E+05 
2.418821381185997E+02 -2.426175297101316E+00 0 -2.030123165636697E+05 
2.154698119014756E+02 1.877265828839676E+02 1 2.574650000000000E+01 
3.038710590884260E+02 9.123015157556183E+01 1 3.572320000000000E+01 
-1.922287920942856E+01 8.929565439497540E+01 1 3.651150000000000E+01 
7.951651127125450E+00 3.683986333261442E+01 1 3.344510000000000E+01 
1.764976744379586E+02 1.652697427091504E+01 1 1.934220000000000E+01 
1.602683481668193E+02 1.695384254101807E+02 1 2.078830000000000E+01 
2.630389211766056E+02 2.408161132645387E+02 1 3.371830000000000E+01 
1.485329969684782E+02 -2.173803958679677E+01 1 3.187330000000000E+01 
1.965441441500795E+02 -2.963415218730879E+01 1 2.541790000000000E+01 
2.709483737491901E+02 -3.506688953467133E+01 1 2.375000000000000E+01 
1.781928166072374E+02 2.291640259228298E+02 1 2.910750000000000E+01 
1.975305200604487E+02 6.852937122109144E+00 1 1.831510000000000E+01 
2.362343391787839E+02 6.429624009489771E+01 1 3.499530000000000E+01 
-3.580431124524313E+01 1.521771134816470E+02 1 2.364690000000000E+01 
1.098110181455319E+02 6.936178710388020E+01 1 3.445600000000000E+01 
1.443194924306831E+01 1.773855280033091E+02 1 1.990820000000000E+01 
2.445569062009318E+02 -4.715358831158571E+01 1 3.020590000000000E+01 
2.311180752047591E+02 -1.494830051598218E+01 1 2.166130000000000E+01 
1.370661643103637E+02 2.016381967471184E+02 1 2.278210000000000E+01 
1.112761874425955E+02 1.201302870704072E+02 1 2.965760000000000E+01 
2.791935224714351E+02 1.690797752333146E+02 1 2.377270000000000E+01 
-2.545145713164565E+01 -2.896664166891106E+01 1 2.686470000000000E+01 
4.879504504416290E+01 -3.767975187835477E+01 1 2.953110000000000E+01 
1.126827829644048E+02 -1.570558964098953E+01 1 3.410160000000000E+01 
3.437252463964344E+01 8.800289735174043E+01 1 3.308030000000000E+01 
2.524104827342886E+02 2.004390040880432E+02 1 2.774150000000000E+01 
2.224131257183822E+02 2.803772674602718E+01 1 2.342820000000000E+01 
3.647969048570221E+01 2.853900708408866E+02 1 3.360000000000000E+01 
2.805144202501720E+00 2.596692493430440E+02 1 3.305010000000000E+01 
1.196260770035338E+02 2.418983979829737E+02 1 3.142210000000000E+01 
