# input file for alanine 2D (d4-d13)

# optimization
userfn       userfn_2D.py
bounds       -50 310; -50 310
num_tasks    2
kernel       stdp
initpts      2 30
iterpts      50
verbosity    2
W_prior      gaussian
W_priorparam 10.757 4.226


RESULTS:
-4.957832671215170E+01 -3.245025483986696E+01 0 -2.030032256916564E+05 
1.747704158620094E+02 9.631912164230880E+01 0 -2.029916079890447E+05 
6.031265062752222E+01 1.803180582813742E+02 1 1.748220000000000E+01 
-4.272845125943390E+01 1.876780925751527E+02 1 2.043910000000000E+01 
2.310591303265941E+00 2.844580789030838E+02 1 3.431840000000000E+01 
1.642022916419180E+02 3.079078983790952E+02 1 3.395360000000000E+01 
1.577338077240780E+01 1.109021014132722E+02 1 3.180450000000000E+01 
7.901429685263983E+01 3.916890771636830E+00 1 2.753000000000000E+01 
2.570025099548805E+01 1.566367342020532E+02 1 2.118980000000000E+01 
-1.677458695202330E+01 7.005469238413633E+01 1 3.720500000000000E+01 
5.473689407144084E+01 5.869857584094122E+01 1 3.160280000000000E+01 
1.054788241501485E+02 2.547466720816621E+02 1 3.289010000000000E+01 
1.370118671100497E+02 -2.710857347091584E+01 1 3.474180000000000E+01 
2.838081928714784E+02 2.619624686935730E+02 1 3.293460000000000E+01 
1.257235807076197E+02 2.173132269939997E+02 1 2.584470000000000E+01 
5.852717178380600E+01 1.790206245193785E+02 1 1.748930000000000E+01 
-4.680766536509746E+01 1.424495793618115E+02 1 2.581610000000000E+01 
3.093998329667930E+02 5.005244799141329E+01 1 3.368900000000000E+01 
1.008931060601438E+02 1.346591292284466E+02 1 2.605310000000000E+01 
1.447289813881721E+02 1.278425542216132E+02 1 2.757070000000000E+01 
2.047540913649483E+02 -6.225216776585908E+00 1 1.947230000000000E+01 
-4.465197449190408E+01 2.928223419847322E+02 1 2.936080000000000E+01 
2.884105983925995E+02 -3.974231477345596E+00 1 1.862520000000000E+01 
7.274924119373330E+01 1.930558694317788E+02 1 1.841370000000000E+01 
6.901918317367531E-01 -1.266290249386863E+01 1 3.405120000000000E+01 
1.992658897732998E+02 1.342685749983372E+02 1 2.893730000000000E+01 
1.057378228586553E+02 -3.025798671723829E+01 1 3.241250000000000E+01 
-9.018581371650226E+00 1.747469287930549E+02 1 2.081020000000000E+01 
-1.338122171156166E+01 2.119086970286159E+02 1 2.374420000000000E+01 
2.617509398356415E+02 3.100000000000000E+02 1 2.918690000000000E+01 
1.685083024810820E+02 -9.008855103201370E+00 1 2.344440000000000E+01 
1.739823712820057E+02 3.733189467995170E+01 1 2.261990000000000E+01 
