# input file for alanine 2D (d4-d13)

# optimization
userfn       userfn_2D.py
bounds       -50 310; -50 310
num_tasks    2
kernel       stdp
initpts      2 30
iterpts      50
verbosity    2
kappa_fixto  0 0
W_rank       2
W_prior      gaussian
W_priorparam 7.606 4.226


RESULTS:
1.083282516224791E+02 2.946770265979833E+02 0 -2.029915557022167E+05 
6.056903656419623E+01 1.798589170210344E+02 0 -2.030096520968367E+05 
7.274924119373330E+01 1.930558694317788E+02 1 1.841370000000000E+01 
4.978205140777597E+01 1.137925281536834E+02 1 2.897990000000000E+01 
2.047540913649483E+02 -6.225216776585908E+00 1 1.947230000000000E+01 
2.553608411688107E+02 9.712831639634805E+01 1 3.811610000000000E+01 
1.370118671100497E+02 -2.710857347091584E+01 1 3.474180000000000E+01 
6.526471738424851E+01 1.798672862387857E+02 1 1.753530000000000E+01 
2.061540459956047E+02 2.279841543830185E+02 1 3.138550000000000E+01 
-3.890628033612110E+01 -1.590414931650005E+01 1 2.328950000000000E+01 
4.738125377814645E+01 -5.746357729475965E+00 1 2.564640000000000E+01 
1.447289813881721E+02 1.278425542216132E+02 1 2.757070000000000E+01 
1.945286334982360E+02 6.625567251373944E+00 1 1.828030000000000E+01 
2.294387573551639E+02 -4.231037551239422E+01 1 2.940560000000000E+01 
4.115321807385927E+01 8.744625842351080E+01 1 3.270140000000000E+01 
-4.465197449190408E+01 2.928223419847322E+02 1 2.936080000000000E+01 
2.570025099548805E+01 1.566367342020532E+02 1 2.118980000000000E+01 
1.642022916419180E+02 3.079078983790952E+02 1 3.395360000000000E+01 
1.054788241501485E+02 2.547466720816621E+02 1 3.289010000000000E+01 
1.543358462993727E+02 1.625813799568461E+02 1 2.136030000000000E+01 
2.701634103738856E+02 1.961415049256395E+02 1 2.515480000000000E+01 
2.277024027740269E+02 1.462497841374205E+02 1 3.014210000000000E+01 
1.216461445223961E+02 9.779990747494458E+01 1 3.310320000000000E+01 
1.008931060601438E+02 1.346591292284466E+02 1 2.605310000000000E+01 
2.734887367671009E+02 1.685315552731292E+02 1 2.456740000000000E+01 
2.153241598508121E+02 1.791783249917708E+01 1 2.045730000000000E+01 
1.917559016877730E+02 1.766164404082297E+02 1 2.247480000000000E+01 
5.784957948177342E+01 1.821321890416972E+02 1 1.750390000000000E+01 
2.297104442275962E+02 2.690083195492538E+02 1 3.836600000000000E+01 
3.456303410168882E+01 1.823582402501913E+02 1 1.850000000000000E+01 
1.992658897732998E+02 1.342685749983372E+02 1 2.893730000000000E+01 
-1.594510294633139E+01 1.286417482344732E+02 1 2.931060000000000E+01 
