# input file for alanine 2D (d4-d13)

# optimization
userfn       userfn_2D.py
bounds       -50 310; -50 310
num_tasks    2
kernel       stdp
initpts      2 30
iterpts      50
verbosity    2
W_prior      gaussian
W_priorparam 10.757 4.226

thetaprior gamma
thetapriorparam 2 0.019; 3.3678 9.0204; 3.3678 9.0204
RESULTS:
2.556599484873396E+02 1.358910725815164E+02 0 -2.029981144887216E+05 
3.389071180814067E+01 2.284040241965174E+02 0 -2.029989041137118E+05 
1.125823462387757E+01 4.196412104704429E+01 1 3.319130000000000E+01 
1.876422235734938E+02 6.367436892291409E+00 1 1.842070000000000E+01 
2.636906309623196E+02 1.019163881215582E+02 1 3.725480000000000E+01 
2.941866252657077E+02 -3.582710181241375E+01 1 2.225490000000000E+01 
1.091355153563215E+02 5.058237941583290E+01 1 3.387510000000000E+01 
8.776339247545259E+00 1.904635536027340E+02 1 2.053260000000000E+01 
2.697700458684138E+02 -1.670823712336860E+01 1 1.975910000000000E+01 
1.162899159098037E+02 -1.629696071309642E+01 1 3.459880000000000E+01 
1.368996330330222E+02 1.693571437053210E+02 1 2.098690000000000E+01 
-4.311533262329243E+01 1.228465903123009E+02 1 3.052060000000000E+01 
1.927951993282207E+02 8.524886811488327E+01 1 3.272700000000000E+01 
-5.000000000000000E+01 2.312803907246463E+02 1 2.698470000000000E+01 
2.872879648180078E+02 -5.504132790932295E+00 1 1.850990000000000E+01 
1.309994312543731E+02 1.288761262743459E+02 1 2.774720000000000E+01 
2.815896808735532E+02 2.599013691495885E+02 1 3.313890000000000E+01 
5.950865142762832E+01 1.800022362659122E+02 1 1.748180000000000E+01 
2.426849436797868E+00 -2.511703201016691E+01 1 3.327810000000000E+01 
1.550229227085967E+01 2.622965743959544E+02 1 3.329740000000000E+01 
8.024218770590927E+01 6.923115882295505E+01 1 3.384170000000000E+01 
3.100000000000000E+02 1.940298865939160E+02 1 2.096090000000000E+01 
4.246572198472247E+01 1.750341860654735E+02 1 1.808820000000000E+01 
8.109148492877362E+01 2.767716624074937E+02 1 3.274210000000000E+01 
-4.266921408729672E+01 2.673994925141402E+02 1 3.125570000000000E+01 
1.238907318599314E+02 2.299301016871381E+02 1 2.881290000000000E+01 
-1.241091082854858E+01 2.845465145396960E+02 1 3.317210000000000E+01 
1.402731965702062E+02 2.881103674606512E+01 1 2.735560000000000E+01 
-2.273683500769848E+01 1.750041934875126E+02 1 2.072030000000000E+01 
6.280799551946197E+01 3.048686549957523E+02 1 3.066620000000000E+01 
1.708692140546012E+01 5.111182936692841E-01 1 3.228050000000000E+01 
2.264091444164439E+01 1.278854964221838E+02 1 2.762680000000000E+01 
