# input file for alanine 2D (d4-d13)

# optimization
userfn       userfn_2D.py
bounds       -50 310; -50 310
num_tasks    2
kernel       stdp
initpts      2 30
iterpts      50
verbosity    2
kappa_fixto  0 0
W_rank       2
W_prior      gaussian
W_priorparam 7.606 4.226


RESULTS:
2.360866250757059E+02 2.572569911836036E+02 0 -2.029891496063538E+05 
2.217090497155229E+01 4.128022028528963E+01 0 -2.029966163839660E+05 
2.467853194919776E+02 1.721125368578829E+02 1 2.700610000000000E+01 
2.223719052309305E+02 3.080315989575853E+02 1 3.227850000000000E+01 
-2.851036664658667E+01 1.155922639694364E+02 1 3.231570000000000E+01 
-2.799112466235196E+01 8.135335579604643E+01 1 3.696510000000000E+01 
3.892121741385228E+01 2.787333195692153E+02 1 3.332800000000000E+01 
-6.433898185015503E+00 6.095950822244094E+01 1 3.652660000000000E+01 
4.585499057166677E+01 1.216702019575786E+02 1 2.746430000000000E+01 
2.776001040081999E+02 -7.494807727196105E+00 1 1.851490000000000E+01 
1.634180706631008E+01 2.597004782867925E+01 1 3.136590000000000E+01 
8.140273837294323E+01 1.230697093139731E+02 1 2.764110000000000E+01 
-4.924429505942019E+01 5.492343517837943E+01 1 3.457180000000000E+01 
-2.002358423113995E+01 1.871812143223514E+01 1 3.451840000000000E+01 
7.193468160373086E+00 1.581390815293599E+02 1 2.217690000000000E+01 
5.275047303549662E+01 1.648845390423897E+00 1 2.476930000000000E+01 
1.954999324830859E+02 8.989720207873038E+00 1 1.830130000000000E+01 
1.698559363746203E+02 2.421197084193676E+02 1 3.173990000000000E+01 
7.809094153121647E+00 1.274520768645921E+02 1 2.880990000000000E+01 
-5.000000000000000E+01 1.325092234216405E+02 1 2.825860000000000E+01 
1.388442422781958E+02 3.086548843456546E+01 1 2.778430000000000E+01 
5.495482212639944E+01 5.576708098017966E+01 1 3.130110000000000E+01 
1.017901520701140E+02 1.958991468450488E+01 1 3.408490000000000E+01 
1.280251634640462E+02 2.914776296421510E+02 1 3.684250000000000E+01 
3.100000000000000E+02 2.582626532496459E+02 1 3.080910000000000E+01 
1.620500941705587E+02 1.760177525894651E+02 1 2.057790000000000E+01 
6.422156372520578E+01 2.873029982872113E+02 1 3.206690000000000E+01 
1.288830599167330E+02 2.459291344615281E+02 1 3.263180000000000E+01 
-8.939191932501576E+00 1.849018691540826E+02 1 2.066980000000000E+01 
7.042265500711724E+01 2.248498058691010E+01 1 2.827910000000000E+01 
7.837337833458993E+01 1.886279597075756E+02 1 1.833720000000000E+01 
9.839865758684181E+01 9.945623243176662E+01 1 3.294440000000000E+01 
