# input file for alanine 2D (d4-d13)

# optimization
userfn       userfn_2D.py
bounds       -50 310; -50 310
num_tasks    2
kernel       stdp
initpts      2 30
iterpts      50
verbosity    2
thetaprior gamma
thetapriorparam 2 0.019; 3.3678 9.0204; 3.3678 9.0204


RESULTS:
1.078627311228863E+02 -3.831791484941276E+01 0 -2.029953497723085E+05 
1.173768829819337E+02 1.877730731020207E+02 0 -2.030074753880489E+05 
8.242460113828571E+01 2.688440019520860E+02 1 3.249150000000000E+01 
-2.700098113195135E+01 1.178310177635278E+02 1 3.183690000000000E+01 
2.043289058651699E+02 1.208676274845217E+02 1 3.209240000000000E+01 
2.630456874937505E+02 2.850448920298275E+02 1 3.460800000000000E+01 
2.069172293365704E+02 4.221360303774887E+00 1 1.868350000000000E+01 
1.493482800114951E+01 2.340821928022006E+01 1 3.165350000000000E+01 
4.821232741792020E+01 -1.384434135429746E+01 1 2.634280000000000E+01 
1.327199936800830E+02 2.124158653109213E+02 1 2.486400000000000E+01 
7.284107939007653E+01 1.688488205538384E+02 1 1.827340000000000E+01 
1.941355229396227E+02 7.987893241594836E+00 1 1.827430000000000E+01 
2.907855122556131E+02 2.724143597320048E+02 1 3.210830000000000E+01 
-2.219445612108688E+00 1.387882414647074E+02 1 2.657970000000000E+01 
1.194676037437924E+00 1.718383582387407E+02 1 2.079860000000000E+01 
8.949525299126140E+01 4.399132461447086E+01 1 3.360400000000000E+01 
2.327333317861155E+02 2.857522657376166E+02 1 3.709580000000000E+01 
1.710128187873690E+02 1.151365397589794E+02 1 2.959310000000000E+01 
1.904559193457111E+02 2.658202513465546E+02 1 3.587000000000000E+01 
4.198045741545625E+01 1.547196487894372E+02 1 2.039170000000000E+01 
1.461990626542843E+02 1.487298445099158E+02 1 2.345460000000000E+01 
-4.089176531245056E+01 1.757389033242675E+02 1 2.050710000000000E+01 
3.646059199123754E+01 2.772387857387447E+02 1 3.344570000000000E+01 
-3.827683378833841E+01 1.443322221351504E+02 1 2.534000000000000E+01 
9.036773540290547E+01 -2.119196083305822E+01 1 2.888700000000000E+01 
2.419692591438721E+02 1.692757388473814E+00 1 2.006660000000000E+01 
1.649329017569999E+02 2.389293789381400E+02 1 3.100200000000000E+01 
2.461438903572866E+02 -4.137726085634785E+01 1 2.832560000000000E+01 
3.100000000000000E+02 3.100000000000000E+02 1 2.585050000000000E+01 
-1.842981683479760E+01 2.153924625453323E+02 1 2.429740000000000E+01 
-2.220843312104882E+01 2.629235928392266E+02 1 3.214730000000000E+01 
6.351990974151692E+01 1.791618016405459E+02 1 1.751030000000000E+01 
