# input file for alanine 2D (d4-d13)

# optimization
userfn       userfn_2D.py
bounds       -50 310; -50 310
num_tasks    2
kernel       stdp
initpts      2 30
iterpts      50
verbosity    2
kappa_prior  gamma
kappa_priorparam 1 71.428
W_prior      gaussian
W_priorparam 0 8.451


RESULTS:
3.107282055767055E+00 -2.557241569766376E+01 0 -2.029910291505421E+05 
2.653079536433893E+02 2.255509673470050E+02 0 -2.029979645233845E+05 
2.942126455841799E+02 2.702954626170585E+02 1 3.186550000000000E+01 
-2.716253924779106E+01 2.461739324796956E+02 1 2.994700000000000E+01 
2.807922796795498E+02 3.079434261561179E+02 1 2.730760000000000E+01 
7.986731061443447E+01 6.648449461322039E+01 1 3.376260000000000E+01 
1.616576354407880E+02 -5.000000000000000E+01 1 3.396220000000000E+01 
2.014750213847207E+02 6.688853031673602E+01 1 3.136290000000000E+01 
3.100000000000000E+02 1.966217632375469E+02 1 2.119530000000000E+01 
2.665593992793626E+02 1.618866450006579E+02 1 2.621100000000000E+01 
1.715295079479206E+02 1.895317074495713E+02 1 2.135450000000000E+01 
3.878986173683755E+01 7.665141126055904E+01 1 3.298310000000000E+01 
2.453850643364401E+02 1.490670006127394E+02 1 3.003710000000000E+01 
1.410048878959512E+02 1.188492526966605E+02 1 2.939280000000000E+01 
-1.765319723945018E+01 -1.257160407515973E+01 1 3.017410000000000E+01 
5.456827985954445E+01 3.029960476205387E+02 1 3.129180000000000E+01 
1.569480797561061E+02 9.254964744768196E+01 1 3.148710000000000E+01 
1.851240376916554E+02 9.830584405599886E+01 1 3.207840000000000E+01 
-2.007298252622131E+01 -4.515530711285112E+01 1 2.928680000000000E+01 
4.532579889731973E+01 1.783477179764115E+02 1 1.785330000000000E+01 
1.940461794385284E+01 1.031751220784873E+02 1 3.278960000000000E+01 
1.967725755478421E+01 4.128044040166637E+01 1 3.174070000000000E+01 
2.066959561055844E+02 2.448751232906603E+02 1 3.478950000000000E+01 
-3.492480103779165E+01 1.245116266113093E+01 1 2.947320000000000E+01 
2.389064587589844E+02 2.546735645992197E+02 1 3.765790000000000E+01 
2.756253705703154E+02 1.914820616482421E+02 1 2.400130000000000E+01 
1.766648077481055E+02 1.346541166436797E+02 1 2.645540000000000E+01 
-4.702460722476689E+01 8.369673823222109E+01 1 3.625320000000000E+01 
1.371661193439894E+02 1.460605071819198E+02 1 2.411800000000000E+01 
1.566393688389388E+02 1.782682704805246E+01 1 2.292070000000000E+01 
1.402928798912108E+02 2.158121111138026E+02 1 2.563970000000000E+01 
2.054224792756954E+02 1.603046460210878E+02 1 2.536880000000000E+01 
