# input file for alanine 2D (d4-d13)

# optimization
userfn       userfn_2D.py
bounds       -50 310; -50 310
num_tasks    2
kernel       stdp
initpts      2 30
iterpts      50
verbosity    2
kappa_prior  gamma
kappa_priorparam 1 71.428
W_prior      gaussian
W_priorparam 0 8.451
thetaprior gamma
thetapriorparam 2 0.019; 3.3678 9.0204; 3.3678 9.0204

RESULTS:
6.555209711672354E+01 2.457004113849136E+02 0 -2.029941917924893E+05 
2.786587540531913E+01 2.822983514145120E+02 0 -2.029890779354179E+05 
2.556983681542667E+02 6.938934247347167E+01 1 3.636900000000000E+01 
1.513824833359388E+02 4.665734979049638E+01 1 2.688600000000000E+01 
3.527764666911076E+01 3.100000000000000E+02 1 3.261170000000000E+01 
1.591483587168195E+02 2.899589863754394E+02 1 3.616100000000000E+01 
-9.115449962815395E+00 -2.877476180726837E+01 1 3.104260000000000E+01 
2.366723049406514E+02 9.691777150147246E+01 1 3.819130000000000E+01 
1.181797075695610E+02 1.348757739267550E+02 1 2.654360000000000E+01 
2.462581557126979E+02 2.028276490266991E+02 1 2.849920000000000E+01 
1.416824274653940E+02 -9.132998179879960E+00 1 3.154940000000000E+01 
1.656048173729225E+02 1.839196160376843E+02 1 2.078340000000000E+01 
1.956419799036025E+02 5.108395153222731E+00 1 1.831580000000000E+01 
2.729248134503304E+02 -5.000000000000000E+01 1 2.770870000000000E+01 
1.017951533661574E+02 1.991905313111909E+02 1 2.111620000000000E+01 
9.837319898407101E+01 2.315748451054707E+02 1 2.757480000000000E+01 
7.490156479997324E+01 2.055260578074817E+01 1 2.888160000000000E+01 
6.064136794984831E+01 1.801325939281579E+02 1 1.748280000000000E+01 
-1.440745119422822E+01 2.873961107669483E+02 1 3.282570000000000E+01 
7.429787082717043E+01 1.822848663455767E+02 1 1.785960000000000E+01 
7.545525845297756E+01 -3.615137628935580E+01 1 2.814780000000000E+01 
6.676252554568505E+00 7.602345798786121E+01 1 3.579480000000000E+01 
1.141701600234428E+01 2.940764810579144E+02 1 3.445710000000000E+01 
1.896865740414356E+02 8.933145322989155E+00 1 1.831540000000000E+01 
-3.774382709193013E+01 3.098545022604299E+02 1 2.704400000000000E+01 
1.750862698965408E+02 2.192156804183491E+02 1 2.663660000000000E+01 
2.805964151481927E+01 2.595042806412467E+02 1 3.238810000000000E+01 
3.167766633520231E+01 5.569736626612956E+01 1 3.193380000000000E+01 
2.868344465175390E+02 2.551522332376663E+02 1 3.215860000000000E+01 
3.601685393441989E+01 1.759659193551750E+02 1 1.845020000000000E+01 
2.283531865198410E+02 5.003468766362742E+01 1 3.060160000000000E+01 
1.997305916654066E+02 3.018127372918056E+02 1 3.326160000000000E+01 
