# input file for alanine 2D (d4-d13)

# optimization
userfn       userfn_2D.py
bounds       -50 310; -50 310
num_tasks    2
kernel       stdp
initpts      2 30
iterpts      50
verbosity    2
thetaprior gamma
thetapriorparam 2 0.019; 3.3678 9.0204; 3.3678 9.0204


RESULTS:
5.262026818544002E+01 6.592384316413219E+01 0 -2.029920690552509E+05 
-3.894892985649062E+00 5.255266900580333E+01 0 -2.029918184977626E+05 
-4.867379079176875E+01 2.551062572970260E+02 1 3.053500000000000E+01 
-2.576451409847721E+01 2.140028412141170E+02 1 2.383870000000000E+01 
1.900995527703734E+02 5.637846969016169E+00 1 1.835810000000000E+01 
3.581311940144698E+01 2.778252678026113E+02 1 3.351280000000000E+01 
1.182102623894192E+02 2.677448896400086E+02 1 3.551910000000000E+01 
9.703532215292695E+01 5.483405111098551E+01 1 3.434620000000000E+01 
7.888623899426373E+01 1.981079863223073E+02 1 1.931420000000000E+01 
1.212692553348472E+01 1.532495264131579E+02 1 2.275060000000000E+01 
1.994913971279839E+02 7.499373762575489E+01 1 3.250400000000000E+01 
4.535137297670968E+01 1.904679883546329E+02 1 1.825840000000000E+01 
-6.394861116073806E+00 1.127176832865658E+02 1 3.277710000000000E+01 
1.424414810261003E+02 1.868393324697645E+02 1 2.097030000000000E+01 
3.043353590807922E+02 1.253367483057289E+02 1 3.012330000000000E+01 
1.718306464591008E+02 9.291728467158056E+01 1 3.138170000000000E+01 
1.928908488214068E+02 8.075949265694650E+00 1 1.827350000000000E+01 
2.829357609716964E+02 -3.267933452480520E+00 1 1.852270000000000E+01 
1.969562466162141E+02 -4.837707089719309E+01 1 3.087250000000000E+01 
6.096382944843438E+01 2.369861313944480E+02 1 2.672180000000000E+01 
6.503505741024408E+01 1.787625270333537E+02 1 1.753840000000000E+01 
9.583423357501080E+01 2.419360307450773E+02 1 2.967080000000000E+01 
8.297440499365359E+01 1.605731485502531E+02 1 1.978050000000000E+01 
7.388641060270832E+01 2.695701291130589E+02 1 3.205050000000000E+01 
1.802763819146400E+02 1.724886280153546E+02 1 2.145230000000000E+01 
7.666169346935682E+01 1.930512322287283E+01 1 2.908360000000000E+01 
2.091169171652251E+02 1.585031716997296E+02 1 2.610050000000000E+01 
2.799740734918341E+02 7.224978698309029E+01 1 3.581180000000000E+01 
7.470420929523938E+01 9.051817233433573E+01 1 3.278280000000000E+01 
2.846168265739982E+02 4.109217565701550E+01 1 2.926290000000000E+01 
9.137853851698581E+01 1.162110260102985E+02 1 2.971850000000000E+01 
5.698247023167617E+00 1.856601339543762E+02 1 2.039480000000000E+01 
