# input file for alanine 2D (d4-d13)
# optimize aims with rst data from amber
# optimization
userfn       userfn_2D.py

bounds       -50 310; -50 310
kernel       stdp
initpts 5 95
iterpts     50
verbosity    2
data_sources    2

RESULTS:
 -5.000000000000000E+01 -5.000000000000000E+01  0.0       2.585050000000000E+01
  1.300000000000000E+02  1.300000000000000E+02  0.0       2.753240000000000E+01
  2.200000000000000E+02  4.000000000000000E+01  0.0       2.664890000000000E+01
  4.000000000000000E+01  2.200000000000000E+02  0.0       2.348490000000000E+01
  8.500000000000000E+01  8.500000000000000E+01  0.0       3.377250000000000E+01
 -5.000000000000000E+01 -5.000000000000000E+01  1.0      -8.802709572377000E+03
  1.300000000000000E+02  1.300000000000000E+02  1.0      -8.802650771197999E+03
  2.200000000000000E+02  4.000000000000000E+01  1.0      -8.802878353898999E+03
  4.000000000000000E+01  2.200000000000000E+02  1.0      -8.802815554653000E+03
  8.500000000000000E+01  8.500000000000000E+01  1.0      -8.802274129588999E+03       9.206721643527993E-02       3.408401203296575E-01  3.432780236207922E-01
  1.948024995587753E+02 -2.436027930648538E+01  1.0      -8.802831081410999E+03       7.498018482814803E-02       3.421452818609912E-01  3.689241964694294E-01
  2.732083554891648E+02  9.087572030749888E+01  1.0      -8.802253872068000E+03       9.553827740282957E-02       3.187266266091244E-01  3.450671015805570E-01
  1.662085339227756E+02  3.154014708426204E+01  1.0      -8.802882474372000E+03       8.591271335684723E-02       4.236519993460945E-01  3.142303338645951E-01
  1.367321370886594E+02  2.537904674172013E+02  1.0      -8.802356344252999E+03       8.574236190686835E-02       3.567987215202909E-01  3.263378477118734E-01
 -3.391559801368791E+01  2.210567951638701E+02  1.0      -8.802770421351999E+03       7.430666348298531E-02       5.185995493376543E-01  2.577772383442761E-01
 -5.000000000000000E+01  8.953658406391025E+00  1.0      -8.802749103898999E+03       6.529383585126121E-02       5.721117086142025E-01  2.458685663798919E-01
  2.324480863577308E+01  1.747217259819917E+02  1.0      -8.803102503235001E+03       7.772528605013980E-02       6.121650261425872E-01  2.803823041141678E-01
  2.345070716952162E+02  1.762256838081470E+02  1.0      -8.803027378301000E+03       7.212738869045827E-02       7.548022415583836E-01  2.611969773036739E-01
  1.224524209402929E+02  1.832645501416577E+02  1.0      -8.803074174682000E+03       6.672804521539130E-02       8.652746990734099E-01  2.599961463480142E-01
 -4.559497813591349E+01  1.526844457649409E+02  1.0      -8.802952858281000E+03       6.369304997734794E-02       9.345418509418690E-01  2.700544248733838E-01
 -3.945557456937497E+01  1.873700619142944E+02  1.0      -8.803090388064000E+03       6.370987446459925E-02       1.016203375946131E+00  2.840427803437017E-01
  7.032663238448123E+01 -2.294500647374223E+01  1.0      -8.802823675825000E+03       5.856065790790271E-02       1.081404344176595E+00  2.755638934593732E-01
  1.912338698760337E+02  2.022987088524990E+02  1.0      -8.802965026284999E+03       5.602966837608632E-02       1.173472697601926E+00  2.760240253498823E-01
  2.746249157105337E+01  3.806449554625708E+01  1.0      -8.802643711320001E+03       5.636366104533722E-02       1.159974620585979E+00  2.929453012659989E-01
  8.342629797263415E+01  1.631066378804960E+02  1.0      -8.803077462183999E+03       5.953012673103307E-02       1.160115449957893E+00  2.976042435943123E-01
 -3.459399268141090E+01  1.729211794993227E+02  1.0      -8.803090738953000E+03       6.221851042068216E-02       1.208337180902092E+00  3.166565097257279E-01
  7.065779996758899E+01  1.854966311078265E+02  1.0      -8.803146010499000E+03       7.030619431314135E-02       1.010956889141781E+00  3.434496670654448E-01
  2.692809501408723E+02  1.911286651411756E+02  1.0      -8.803037623126000E+03       6.908834231667491E-02       9.823057707899416E-01  3.395782915091355E-01
  2.108418881378447E+02  1.056451439783200E+01  1.0      -8.803235512992000E+03       9.295290916726244E-02       7.900920956997930E-01  3.423849439183941E-01
  2.394456326792990E+02 -7.360687798668395E-01  1.0      -8.803276554205000E+03       1.135768557714667E-01       7.291073435055243E-01  3.892244733579725E-01
  9.634985685121893E+01  1.092538660430331E+01  1.0      -8.802466998328000E+03       1.039683719850815E-01       5.816693621918851E-01  3.476513725342674E-01
  3.922741140084906E+01  2.937490329357853E+02  1.0      -8.802329128347999E+03       9.846515807576449E-02       6.526304558695231E-01  2.732957786332346E-01
  2.551239178176554E+02  2.685623982210298E+02  1.0      -8.802280097048000E+03       9.903214341759647E-02       7.061975399192770E-01  2.642812314691954E-01
 -1.265918291073407E+01 -2.304089464732601E+01  1.0      -8.802457593167999E+03       1.018011295310350E-01       5.540690320720419E-01  2.869552891345292E-01
  2.439399220487637E+01  1.319325503642922E+02  1.0      -8.802674817712999E+03       9.919128095461621E-02       5.639518491241751E-01  2.851999865729333E-01
  1.748046745497378E+02  1.610391034093552E+02  1.0      -8.803004059860001E+03       9.961482134090971E-02       5.790617816060367E-01  2.866814060257675E-01
  2.496792519693288E+02  1.598592584870663E+01  1.0      -8.803148030278000E+03       1.045357387335672E-01       5.632134839882476E-01  3.124238290236197E-01
  2.603472298701037E+02 -2.772496342404732E+01  1.0      -8.803071840641000E+03       1.090007392662343E-01       5.651585451429113E-01  3.312576512526431E-01
  1.127781670209653E+02 -4.361825374999018E+01  1.0      -8.802482151131000E+03       1.124606767630877E-01       5.439815033706803E-01  3.515544914475922E-01
  2.154638765154373E+02  1.340396672476980E+02  1.0      -8.802639686037001E+03       1.125906744810050E-01       5.447153358322716E-01  3.598460634706345E-01
  2.635280935534828E+02 -5.346182593149300E+00  1.0      -8.803246826642000E+03       1.260388076748334E-01       5.330208134806798E-01  3.921919612816875E-01
  2.807932289164071E+02  1.684342990510881E+02  1.0      -8.803062539484999E+03       1.297349151626626E-01       5.412157331198045E-01  4.027203797820534E-01
  2.257842435552569E+02  2.021792885689778E-01  1.0      -8.803266168673999E+03       1.384668144185610E-01       5.549481658412926E-01  4.176713749393077E-01
  2.329254014812648E+02  4.250802515120737E+00  1.0      -8.803273927815000E+03       1.439548776395044E-01       5.579322822125294E-01  4.292936012959732E-01
 -1.725298799425912E+01  7.799555109874628E+01  1.0      -8.802259895362000E+03       1.489688017035458E-01       5.576198766770618E-01  4.446019687635905E-01
  1.730326726293599E+02  8.942162319541930E+01  1.0      -8.802378215876999E+03       1.475926072363728E-01       5.582352026824738E-01  4.450973153148374E-01
  1.942746615331016E+02  2.738676363922262E+02  1.0      -8.802242717405999E+03       1.401051313880700E-01       5.542212221932787E-01  4.397347329585805E-01
  8.731368871242615E-01  1.904824627963320E+02  1.0      -8.803056492326001E+03       1.437332923710753E-01       5.623276121385212E-01  4.464223118796264E-01
  5.241855978545878E+01  1.788331716031047E+02  1.0      -8.803155773150000E+03       1.466780132637121E-01       5.735635309294228E-01  4.484262437201234E-01
  8.295361614764354E+01  2.663062689774720E+02  1.0      -8.802346845057000E+03       1.456485779625792E-01       5.768756067204852E-01  4.505506340277494E-01
 -4.752761438998325E+00  2.664358294933922E+02  1.0      -8.802318230567000E+03       1.362256421932757E-01       5.721972838113653E-01  4.401053001133560E-01
  2.261205634208117E+02  2.354331958220249E+02  1.0      -8.802485586168999E+03       1.376884623520448E-01       5.742572088874881E-01  4.471440858497798E-01
  3.569842523421315E+01  8.338625388768939E+01  1.0      -8.802331567685000E+03       1.275504457131861E-01       5.725325798264416E-01  4.294309264288705E-01
  1.413880430876348E+02 -8.133330692361671E+00  1.0      -8.802438127863999E+03       1.314467174654762E-01       5.712117193760674E-01  4.295872304503504E-01
  1.176184786540413E+02  5.888955692683238E+01  1.0      -8.802348740324000E+03       1.336201043111675E-01       5.726945689189907E-01  4.372367654551231E-01
  3.021965105728047E+02  5.708762850217445E+01  1.0      -8.802366507885001E+03       1.324996472361227E-01       5.739005711774541E-01  4.365247508405365E-01
  1.090699679831013E+02  2.251983227148163E+02  1.0      -8.802697106320000E+03       1.348814370126605E-01       5.777018462279888E-01  4.424839764654660E-01
  2.988646371580060E+01  5.698074073965889E-01  1.0      -8.802708326837999E+03       1.350420527542388E-01       5.822379692588829E-01  4.431592850266774E-01
  6.971247528023495E+01  4.728549815577115E+01  1.0      -8.802476992794000E+03       1.324451140157589E-01       5.823239908501306E-01  4.419176621813219E-01
  2.977630049600182E+02  2.567210991447252E+02  1.0      -8.802408702903000E+03       1.258663016569966E-01       5.784559355089185E-01  4.331056424553590E-01
  2.243444250990011E+02  8.845684260586795E+01  1.0      -8.802280312474000E+03       1.225279815009979E-01       5.782895365992097E-01  4.302898141975396E-01
  1.721337334856061E+02  2.355481411026984E+02  1.0      -8.802548398965000E+03       1.238539897218215E-01       5.819461326098367E-01  4.337895101752191E-01
  6.499450387977708E+01  1.759398668350311E+02  1.0      -8.803154868441001E+03       1.280531462363545E-01       5.882622763637907E-01  4.397072697458246E-01
  2.238054647809296E+02  3.007247663812923E+02  1.0      -8.802453550831000E+03       1.272284134695905E-01       5.907749162270480E-01  4.390935998973443E-01
  1.548320785277551E+02  2.958289065466741E+02  1.0      -8.802283614434000E+03       1.290354470902834E-01       5.947452040199964E-01  4.427182230617774E-01
  3.100000000000000E+02  1.063096602330879E+02  1.0      -8.802369422161000E+03       1.310780024218623E-01       5.959646970993597E-01  4.482633358066708E-01
  1.326579529498094E+01 -4.501230437978085E+01  1.0      -8.802341165311000E+03       1.322216344361310E-01       5.951531132933683E-01  4.515126704739377E-01
  2.742342028043157E+02  2.313646201473064E+02  1.0      -8.802596767898000E+03       1.298606735598635E-01       5.914129851682530E-01  4.501780142853118E-01
  2.587999904547969E+02  1.268244358991430E+02  1.0      -8.802538554905001E+03       1.314534705123651E-01       5.942316746832678E-01  4.531702040020821E-01
  6.980503893519105E+01  1.211905810116446E+02  1.0      -8.802571860217000E+03       1.340709832338658E-01       5.966171591593143E-01  4.582651170997509E-01
 -1.252334433110838E+01  2.986948004919066E+01  1.0      -8.802381198245001E+03       1.421683858611137E-01       5.814823948568969E-01  4.722728826142091E-01
  1.312348810645413E+02  9.090812872755875E+01  1.0      -8.802335317817000E+03       1.416548677969387E-01       5.843168664572871E-01  4.717161384291866E-01
  8.060394882898461E+01  2.988800585085140E+02  1.0      -8.802467651875000E+03       1.263743804984495E-01       5.826250314998954E-01  4.407765615242393E-01
 -6.647837207127781E+00  1.123332023005132E+02  1.0      -8.802429070513999E+03       1.253082312106116E-01       5.833904237986386E-01  4.398279224784513E-01
  1.789716058121208E+02  6.309740198563523E+01  1.0      -8.802572915675000E+03       1.129696612507944E-01       5.741423937434136E-01  4.196440692100994E-01
  2.784204812296132E+02  2.912265108569338E+02  1.0      -8.802498836880000E+03       1.157377108958363E-01       5.739841795033327E-01  4.260889842753637E-01
  2.512567165639446E+02  6.220201089808084E+01  1.0      -8.802422849163000E+03       1.128504345466010E-01       5.704426432042445E-01  4.240088931194129E-01
  1.489209951127479E+02  2.079849437667555E+02  1.0      -8.802911917244001E+03       1.144432618309422E-01       5.749151853189309E-01  4.256027720519682E-01
  2.227977766646312E+01  2.492767108014297E+02  1.0      -8.802420947009001E+03       1.145000398002499E-01       5.751081005954467E-01  4.264721022298663E-01
  1.152033979253182E+02  2.824164948069900E+02  1.0      -8.802302230720999E+03       1.146564908855843E-01       5.727821600391452E-01  4.299467145237411E-01
  1.717372462698533E+02  1.261062929097674E+02  1.0      -8.802598974746999E+03       1.165866163133146E-01       5.770684951869336E-01  4.317049802669790E-01
  3.969958238163083E+01 -3.234954790685792E+01  1.0      -8.802572453135999E+03       1.043920388319323E-01       5.523284429637545E-01  4.136996395928857E-01
  6.031683676018570E+01  1.842567867792828E+01  1.0      -8.802815613487001E+03       1.048023166341851E-01       5.356122692552401E-01  4.194321093351144E-01
  6.832997548400645E+01  2.363592499437947E+02  1.0      -8.802597795300000E+03       1.047481356289700E-01       5.395069587622781E-01  4.176414468786980E-01
 -1.196484250204241E+01  1.434277589056328E+02  1.0      -8.802812300299000E+03       1.053368482442441E-01       5.427037207957299E-01  4.179067654764962E-01
  1.040010141328054E+02  1.126990227895757E+02  1.0      -8.802454307440001E+03       1.061528367455715E-01       5.459588169651423E-01  4.187700160849849E-01
 -2.893819158729286E+01  2.881446453899659E+02  1.0      -8.802421614518000E+03       1.066371101782834E-01       5.479578751570562E-01  4.189594815426518E-01
  2.360610451419481E+02  2.106066837613350E+02  1.0      -8.802816605602000E+03       1.081041507604006E-01       5.502920604909496E-01  4.213117663218078E-01
  1.564213644568335E+02  1.807424237644785E+02  1.0      -8.803084263802000E+03       1.083910086369030E-01       5.531878413549074E-01  4.209248431170590E-01
  2.483608339529577E+02  1.525216287357732E+02  1.0      -8.802866213924000E+03       1.093843553869996E-01       5.547482660262626E-01  4.228136147137020E-01
  1.909824039992156E+02  3.025400484070294E+02  1.0      -8.802400803574001E+03       1.107957356110255E-01       5.579004393508752E-01  4.243093949507809E-01
  1.283115699693390E+02  2.535774323709350E+01  1.0      -8.802455633203999E+03       1.064212239110323E-01       5.497701761452688E-01  4.212223935801493E-01
  2.505688282872089E-01  2.321088459068601E+02  1.0      -8.802619426158000E+03       1.056512364229687E-01       5.501081368719396E-01  4.200739742502505E-01
  1.690615742208588E+02  2.488823643847970E+00  1.0      -8.802885365557000E+03       9.424101433221267E-02       5.256046777701204E-01  4.048876444546919E-01
  7.295859172729750E+00  6.039294204046079E+01  1.0      -8.802389453461001E+03       9.414201235670958E-02       5.242436386078995E-01  4.056858326319022E-01
  1.402414869076142E+02  1.549368262479028E+02  1.0      -8.802943201460001E+03       9.447876830325386E-02       5.246500433497188E-01  4.070279365445954E-01
  1.557362723656466E+02 -3.550848251513499E+01  1.0      -8.802441457604000E+03       9.497050591135610E-02       5.266904781275945E-01  4.065337971348758E-01
 -2.829467029768880E+01  5.051183549267739E+01  1.0      -8.802334253583000E+03       9.496863190780501E-02       5.311443088780572E-01  4.028927892941487E-01
  2.851145201620965E+02  1.305836841881973E+02  1.0      -8.802642808085000E+03       9.575739037860989E-02       5.339852733302906E-01  4.033708000155614E-01
  2.966096710239748E+02  3.211637008813920E+01  1.0      -8.802628282240999E+03       9.670368254761944E-02       5.348176049439938E-01  4.056135411302754E-01
  5.047635777513453E+01  1.484221178945073E+02  1.0      -8.802933319702001E+03       9.676739636154506E-02       5.357439747815343E-01  4.057257581416736E-01
