# input file for alanine 2D (d4-d13)

# optimization
userfn       userfn_2D.py
bounds       -50 310; -50 310
num_tasks    2
kernel       stdp
initpts      2 30
iterpts      50
verbosity    2
kappa_prior  gamma
kappa_priorparam 2 0.014
thetaprior gamma
thetapriorparam 2 0.019; 3.3678 9.0204; 3.3678 9.0204

RESULTS:
2.370794148612607E+02 7.448488085449652E-01 0 -2.030123735046456E+05 
1.551640974273049E+02 7.078403699109852E+01 0 -2.029933518470595E+05 
1.916551002359537E+02 -7.499729329496081E-02 1 1.871710000000000E+01 
2.437386793088816E+02 1.972518541107942E+02 1 2.788620000000000E+01 
1.002417673714342E+02 2.353078636945195E+02 1 2.859040000000000E+01 
7.543335465547325E+01 2.738892609592572E+02 1 3.233810000000000E+01 
3.322675672274838E+01 2.826947755089762E+02 1 3.381420000000000E+01 
1.145158395273242E+02 1.228958365072949E+02 1 2.912080000000000E+01 
2.916454552350029E+02 1.476840514011720E+02 1 2.575580000000000E+01 
2.414899842558592E+02 -2.053037380412469E+01 1 2.265830000000000E+01 
-3.528826694575670E+01 1.324129516053536E+02 1 2.824210000000000E+01 
1.734453600923169E+02 1.670503478678821E+02 1 2.132180000000000E+01 
1.107656515665376E+02 2.024311147449125E+02 1 2.220330000000000E+01 
2.955349971234057E+02 1.018186031159146E+02 1 3.487560000000000E+01 
2.791847904448047E+02 1.913042997074479E+02 1 2.350410000000000E+01 
-1.126662307950686E+01 1.550388429973412E+02 1 2.325070000000000E+01 
5.939800645790896E+01 -1.704176345810372E+01 1 2.553810000000000E+01 
2.726949149561506E+02 -4.113999571479363E+00 1 1.868920000000000E+01 
-5.420077857802696E+00 7.111457359651006E+01 1 3.673260000000000E+01 
4.944480963432620E+01 4.799182533621122E+01 1 3.016790000000000E+01 
1.295807843684111E+02 3.006938047791748E+01 1 3.018520000000000E+01 
1.615946390919968E+02 1.353908424094884E+02 1 2.581540000000000E+01 
4.885107174399948E+01 1.112883363830857E+02 1 2.948780000000000E+01 
1.258367600224263E+02 2.562031876097404E+02 1 3.444170000000000E+01 
9.192420400168466E+01 -2.614652511495762E+01 1 2.937700000000000E+01 
2.338331105629269E+00 2.728311153802101E+02 1 3.413240000000000E+01 
2.703146906496575E+02 1.303740571532531E+02 1 3.187900000000000E+01 
1.794206020920677E+02 3.604526487836257E+01 1 2.216110000000000E+01 
1.767407573910037E+02 2.116821761179497E+02 1 2.505670000000000E+01 
1.164713369176644E+02 3.089408497186275E+02 1 3.514150000000000E+01 
2.639813355231631E+00 -9.435241468479132E-01 1 3.474620000000000E+01 
8.261854988823893E+01 2.365888562812421E+01 1 3.100340000000000E+01 
