# input file for alanine 2D (d4-d13)

# optimization
userfn       userfn_2D.py
bounds       -50 310; -50 310
num_tasks    2
kernel       stdp
initpts      2 30
iterpts      50
verbosity    2
W_prior      gaussian
W_priorparam 10.757 4.226


RESULTS:
1.027424992528787E+02 -3.170075945763003E+01 0 -2.029968053751106E+05 
8.339667580285617E+01 1.778152665240949E+02 0 -2.030091678176124E+05 
1.726413152959334E+02 -6.244431388872288E-01 1 2.085720000000000E+01 
5.870646521132165E+01 6.988000957782010E+01 1 3.253630000000000E+01 
7.760277327549235E+01 1.006337512333402E+02 1 3.175930000000000E+01 
2.455155319418745E+02 2.611577790321213E+02 1 3.777320000000000E+01 
-1.743942816485199E+01 1.442236308289148E+02 1 2.553480000000000E+01 
-2.459618595866784E+01 -4.781350881057372E+01 1 2.874820000000000E+01 
2.154095804976541E+02 -1.580764882334773E+01 1 2.158610000000000E+01 
2.977858808280365E+02 3.082193371971534E+02 1 2.603470000000000E+01 
-8.341392984103924E+00 2.547628722538328E+02 1 3.209950000000000E+01 
1.172124019265176E+02 5.668936863090718E+01 1 3.336830000000000E+01 
5.842700649841421E+01 1.804041243106341E+02 1 1.748520000000000E+01 
2.098388445006096E+02 4.784432140970143E+01 1 2.769610000000000E+01 
4.804056499824422E+01 1.767506200100550E+02 1 1.776640000000000E+01 
2.857229345557826E+02 1.878667660155045E+02 1 2.247760000000000E+01 
1.161153762461188E+02 2.656417416828926E+02 1 3.516820000000000E+01 
1.380035835038364E+02 2.266537238397225E+02 1 2.824310000000000E+01 
1.924627507476990E+02 1.550791300758551E+02 1 2.435170000000000E+01 
-9.887551075082138E+00 1.826255352840071E+02 1 2.063440000000000E+01 
2.917387563676889E+02 -1.707577416064792E+01 1 1.899000000000000E+01 
1.768658678788287E+02 1.750870580924186E+02 1 2.113520000000000E+01 
5.346085620261473E+01 -4.314669715483494E+01 1 2.972780000000000E+01 
8.266867724506496E+01 2.860814296712538E+02 1 3.276090000000000E+01 
1.397980471037044E+02 1.423475282669510E+01 1 2.820200000000000E+01 
3.067554589712449E+02 5.250332798309383E+01 1 3.377890000000000E+01 
1.389102890964072E+02 1.121222309298393E+02 1 3.058760000000000E+01 
-3.832939459228771E+00 2.239807526465594E+02 1 2.631600000000000E+01 
1.106256891114053E+02 1.820358427355168E+02 1 2.021120000000000E+01 
-1.822916639989490E+01 3.344821243156442E+01 1 3.576170000000000E+01 
3.554923536864763E+01 1.076480782060228E+02 1 3.080860000000000E+01 
2.536846295081139E+02 2.004845812917222E+02 1 2.763470000000000E+01 
