# input file for alanine 2D (d4-d13)

# optimization
userfn       userfn_2D.py
bounds       -50 310; -50 310
num_tasks    2
kernel       stdp
initpts      2 30
iterpts      50
verbosity    2
kappa_fixto  0 0
W_rank       2
W_prior      gaussian
W_priorparam 7.606 4.226
thetaprior gamma
thetapriorparam 2 0.019; 3.3678 9.0204; 3.3678 9.0204

RESULTS:
1.081121517391679E+02 1.826232950825246E+02 0 -2.030080590017697E+05 
2.168580133948927E+02 2.335936314666021E+02 0 -2.029949434503565E+05 
4.005145009352189E+01 2.663832737640475E+02 1 3.245660000000000E+01 
9.843579010183149E+01 2.815589562817524E+02 1 3.433460000000000E+01 
-2.388816322163160E+01 2.443189968002945E+02 1 2.979810000000000E+01 
2.248781355523933E+02 2.365316377745702E+02 1 3.481280000000000E+01 
1.219255265293089E+02 6.431431929904882E+01 1 3.331490000000000E+01 
2.353892551847494E+02 1.041119397676682E+02 1 3.771080000000000E+01 
1.796992862543015E+02 -6.209014474266795E+00 1 2.068730000000000E+01 
6.197800538597890E+01 1.843361818603269E+02 1 1.755880000000000E+01 
1.320393724496060E+02 -3.985808267929533E+01 1 3.569890000000000E+01 
1.512932576840709E+02 2.938089195241255E+02 1 3.648540000000000E+01 
1.990120795366044E+02 2.266492240413409E+00 1 1.847500000000000E+01 
1.577270875405041E+02 1.620877146955852E+02 1 2.140220000000000E+01 
2.722455944628241E+02 1.425126538994415E+02 1 2.900620000000000E+01 
1.963767431204784E+02 1.197928643508986E+02 1 3.115040000000000E+01 
5.090088547711091E+01 1.795344575002426E+02 1 1.762250000000000E+01 
2.750755546304471E+02 2.931538169638686E+02 1 3.149160000000000E+01 
5.964807457872261E+01 2.124539838253834E+02 1 2.117950000000000E+01 
5.006375907325810E+01 -4.994953652975627E+01 1 3.091930000000000E+01 
4.944281755088208E+01 1.474644036948941E+02 1 2.144880000000000E+01 
2.167340864770383E+02 1.709811920579402E+02 1 2.585100000000000E+01 
7.781142783495373E+01 1.096887148106089E+02 1 3.026570000000000E+01 
3.253753543671398E+00 2.296314670303760E+01 1 3.414120000000000E+01 
2.714729563049988E+02 2.094245460376468E+01 1 2.280030000000000E+01 
6.861668504208886E+01 2.294578292292983E+00 1 2.541550000000000E+01 
2.782108808162775E+02 1.066015359964923E+02 1 3.545350000000000E+01 
2.814085100442990E+02 2.550815594733163E+02 1 3.284640000000000E+01 
2.267049983933184E+02 6.276146876415945E+01 1 3.382470000000000E+01 
4.529543063449888E+01 2.047167684211099E+01 1 2.625050000000000E+01 
1.277079140824911E+02 2.720233833860508E+02 1 3.637420000000000E+01 
6.931032732985959E+01 1.670258344699961E+02 1 1.830970000000000E+01 
