# input file for alanine 2D (d4-d13)

# optimization
userfn       userfn_2D.py
bounds       -50 310; -50 310
num_tasks    2
kernel       stdp
initpts      2 30
iterpts      50
verbosity    2
thetaprior gamma
thetapriorparam 2 0.019; 3.3678 9.0204; 3.3678 9.0204


RESULTS:
2.774045411935967E+02 1.838344026601312E+02 0 -2.030078560321539E+05 
2.122885541115340E+02 -1.182179827282566E+01 0 -2.030087895795538E+05 
3.034076538224907E+02 1.673065217168750E+02 1 2.162390000000000E+01 
1.783698210948857E+02 5.380937899145418E+01 1 2.642730000000000E+01 
2.242189110875170E+02 -1.975910250517398E+00 1 1.979370000000000E+01 
-2.705817500735226E+01 2.898255692776656E+02 1 3.123580000000000E+01 
2.202951956419090E+02 2.192102005715672E+02 1 3.095250000000000E+01 
3.389239328248099E+01 1.849208975512854E+02 1 1.861620000000000E+01 
2.216464332142045E+02 3.648834309228397E+01 1 2.577530000000000E+01 
-2.225263887289174E+01 1.809998571742312E+02 1 2.053550000000000E+01 
1.992026792197794E+02 8.507567427879664E+00 1 1.838040000000000E+01 
2.459002700518908E+02 1.817927063095771E+02 1 2.680370000000000E+01 
1.199369078907878E+02 -2.441800755071722E+01 1 3.480180000000000E+01 
2.022927662329554E+02 2.603509220717407E+02 1 3.636110000000000E+01 
2.778816816449728E+02 7.078729429876674E+01 1 3.571150000000000E+01 
1.903874344005063E+02 1.989531337429033E+02 1 2.387750000000000E+01 
4.063480400519816E+01 4.702418509481857E+01 1 3.018460000000000E+01 
2.740919877454170E+02 7.756278878486172E+00 1 1.975950000000000E+01 
1.985575034603840E+02 8.095417666240562E+01 1 3.310880000000000E+01 
2.921150755765559E+02 1.363024821828577E+02 1 2.826420000000000E+01 
2.963090899033262E+02 2.020024269432101E+02 1 2.261260000000000E+01 
3.826133504210929E+01 3.100000000000000E+02 1 3.226670000000000E+01 
9.836742475949261E+01 1.531829060033908E+02 1 2.198830000000000E+01 
2.961417757782329E+01 1.223358782585900E+02 1 2.834020000000000E+01 
2.185289825510579E+02 -3.176563187222913E+01 1 2.609860000000000E+01 
1.480949345315838E+02 -3.976213301172580E+01 1 3.450070000000000E+01 
2.374043050189940E+02 9.290890541595290E+01 1 3.829220000000000E+01 
1.209221718106104E+02 1.007616055626935E+02 1 3.281510000000000E+01 
2.631305901292192E+02 2.114294722350390E+02 1 2.826560000000000E+01 
1.693397539061550E+02 2.430244793415673E+02 1 3.192160000000000E+01 
1.790799246921475E+01 2.474832087659604E+02 1 3.091330000000000E+01 
-3.852405317854645E+01 2.361654436042740E+02 1 2.786140000000000E+01 
