# input file for alanine 2D (d4-d13)

# optimization
userfn       userfn_2D.py
bounds       -50 310; -50 310
num_tasks    2
kernel       stdp
initpts      2 30
iterpts      50
verbosity    2
kappa_prior  gamma
kappa_priorparam 1 71.428
W_prior      gaussian
W_priorparam 0 8.451
thetaprior gamma
thetapriorparam 2 0.019; 3.3678 9.0204; 3.3678 9.0204

RESULTS:
6.370361647932192E+01 2.952990943569414E+02 0 -2.029926719778547E+05 
3.100000000000000E+02 2.246508801387145E+02 0 -2.029997568633468E+05 
-2.540428067484357E+01 6.001952586212804E+01 1 3.692300000000000E+01 
3.512158645954362E+00 4.734991652156835E+01 1 3.474610000000000E+01 
1.510507390380286E+02 -5.000000000000000E+01 1 3.525280000000000E+01 
7.334757973970913E+01 1.499271564834887E+02 1 2.109790000000000E+01 
2.342141217116821E+02 9.600097506865492E+01 1 3.808670000000000E+01 
2.261166950961191E+02 1.903126152111622E+02 1 2.691330000000000E+01 
2.970811266738602E+02 4.663177609239975E+01 1 3.161140000000000E+01 
-1.747300096775645E+00 1.742480337486191E+02 1 2.072900000000000E+01 
1.266139245671964E+02 1.719107203331092E+02 1 2.084360000000000E+01 
3.075496822787070E+02 1.952359078270975E+02 1 2.115270000000000E+01 
-1.581666927709900E+01 2.044531739347617E+02 1 2.243640000000000E+01 
1.025957814092498E+02 -4.366902284520961E+01 1 3.258380000000000E+01 
1.360103045432515E+02 7.770203378268374E+01 1 3.265890000000000E+01 
4.248280340863217E+01 1.727181372189536E+02 1 1.819960000000000E+01 
1.884273977018657E+02 1.786795738412420E+01 1 1.885220000000000E+01 
2.513287759341516E+02 -4.604847223226288E+00 1 1.985960000000000E+01 
-4.813078306447130E+01 -1.226325390623837E+01 1 2.122000000000000E+01 
5.874352122545197E+01 1.801868567192550E+02 1 1.748350000000000E+01 
1.148244213614980E+02 1.087764283145953E+02 1 3.180410000000000E+01 
3.326171431220602E+01 2.104670349978786E+02 1 2.186760000000000E+01 
-1.554043688469961E+01 9.218949096607642E+01 1 3.619790000000000E+01 
9.688699946480916E+01 8.184987819800064E+01 1 3.443400000000000E+01 
2.277292731061434E+02 2.613540635083993E+02 1 3.815420000000000E+01 
-4.621116331382918E+01 2.328595939296580E+02 1 2.721530000000000E+01 
2.874127482984686E+02 -1.825025638774285E+01 1 1.907590000000000E+01 
4.048215183508836E+01 1.090727737084424E+02 1 3.025640000000000E+01 
2.723435220511499E+02 2.297904677017433E+02 1 3.044620000000000E+01 
1.785977264800155E+02 2.567425074235730E+02 1 3.448340000000000E+01 
1.598671401868443E+02 2.773583062439650E+02 1 3.626970000000000E+01 
2.876235137868812E+02 -6.283082961646260E+00 1 1.849580000000000E+01 
