# input file for alanine 2D (d4-d13)

# optimization
userfn       userfn_2D.py
bounds       -50 310; -50 310
num_tasks    2
kernel       stdp
initpts      2 30
iterpts      50
verbosity    2
kappa_fixto  0 0
W_rank       2
W_prior      gaussian
W_priorparam 7.606 4.226


RESULTS:
-2.691374150756802E+01 3.006644385010034E+02 0 -2.029944290078054E+05 
5.183383253119091E+01 2.213513275158185E+01 0 -2.030016966094055E+05 
1.598671401868443E+02 2.773583062439650E+02 1 3.626970000000000E+01 
3.116634763665223E+01 2.335737742128757E+01 1 2.821510000000000E+01 
1.823528021824335E+02 2.036476321414618E+02 1 2.388300000000000E+01 
-3.521610113326017E+01 2.976836000608135E+02 1 2.937190000000000E+01 
2.723435220511499E+02 2.297904677017433E+02 1 3.044620000000000E+01 
1.111064597912693E+02 1.448753715611858E+02 1 2.423340000000000E+01 
2.071128887686133E+02 -2.307227897801684E+01 1 2.334400000000000E+01 
1.100051059613096E+01 2.831079369817115E+02 1 3.459520000000000E+01 
7.033564752540455E+00 1.140024509107924E+02 1 3.184590000000000E+01 
5.673728658787114E+01 2.340677863326215E+02 1 2.609340000000000E+01 
8.713663235759616E+01 1.207210978866211E+01 1 3.067240000000000E+01 
1.416811486348085E+02 -2.151555370973160E+01 1 3.344070000000000E+01 
2.342141217116821E+02 9.600097506865492E+01 1 3.808670000000000E+01 
2.363539366542018E+02 1.243881258938019E+02 1 3.489100000000000E+01 
6.743998051616295E+01 9.082281675487636E+01 1 3.241150000000000E+01 
1.225963956625736E+02 5.159640085726100E+00 1 3.413240000000000E+01 
1.950860867141029E+02 2.924609414088414E+02 1 3.486130000000000E+01 
2.261166950961191E+02 1.903126152111622E+02 1 2.691330000000000E+01 
1.463271319608668E+02 2.086379738547777E+02 1 2.403830000000000E+01 
1.785977264800155E+02 2.567425074235730E+02 1 3.448340000000000E+01 
1.410836525163337E+02 1.322093437766827E+02 1 2.679940000000000E+01 
1.725428620746286E+02 1.775757017780583E+02 1 2.087070000000000E+01 
1.578569451506812E+01 -8.371856578220013E+00 1 3.316240000000000E+01 
-4.813078306447130E+01 -1.226325390623837E+01 1 2.122000000000000E+01 
4.084891925369716E+01 2.574164794766283E+02 1 3.129740000000000E+01 
-6.778324680051019E+00 -3.690811778808622E+01 1 3.146030000000000E+01 
9.938055804072930E+01 -1.596157939553898E+01 1 3.113670000000000E+01 
7.548567491430866E+01 -3.206126078411994E+01 1 2.759810000000000E+01 
1.148244213614980E+02 1.087764283145953E+02 1 3.180410000000000E+01 
1.997468546770395E+02 1.113124650354119E+02 1 3.280900000000000E+01 
