# input file for alanine 2D (d4-d13)

# optimization
userfn       userfn_2D.py
bounds       -50 310; -50 310
num_tasks    2
kernel       stdp
initpts      2 30
iterpts      50
verbosity    2
W_prior      gaussian
W_priorparam 10.757 4.226


RESULTS:
2.556896642457421E+02 2.410914716546462E+02 0 -2.029929603312842E+05 
9.821153266823838E+00 2.967850156150353E+02 0 -2.029897496589240E+05 
1.662910843139488E+02 2.093314371065177E+02 1 2.418790000000000E+01 
1.419359676423722E+02 -1.581839492706255E+01 1 3.258960000000000E+01 
1.752568953429269E+02 7.348894661076196E+01 1 3.015990000000000E+01 
7.324015458752217E+01 1.732644167008440E+02 1 1.797960000000000E+01 
2.895559124443246E+02 7.159545354888442E+01 1 3.552410000000000E+01 
1.956440534015387E+02 1.960348245858092E+02 1 2.407580000000000E+01 
2.055865913548765E+02 9.514379543763892E+00 1 1.872220000000000E+01 
1.114764676071680E+02 1.177616021787573E+02 1 3.014460000000000E+01 
1.820681008917247E+01 2.977524159484942E+02 1 3.436090000000000E+01 
2.939130892221382E+02 1.426504707211938E+02 1 2.666060000000000E+01 
2.687077968680483E+02 1.177958998621993E+02 1 3.459520000000000E+01 
1.947910328615876E+02 1.330867380053035E+02 1 2.856210000000000E+01 
2.526989769279882E+01 1.289175631621424E+02 1 2.717740000000000E+01 
9.956359598505458E+01 4.546173786386539E+01 1 3.412760000000000E+01 
1.371671499333065E+02 9.907485623991819E+01 1 3.222010000000000E+01 
5.856683670775223E+01 2.063152168365909E+02 1 1.999880000000000E+01 
2.222574097554055E+02 -1.039336242671778E+01 1 2.068940000000000E+01 
1.443333385126758E+02 1.447126847573459E+02 1 2.422560000000000E+01 
-1.428751997891109E+01 1.881659832461740E+02 1 2.077410000000000E+01 
1.256691161252590E+02 3.100000000000000E+02 1 3.594640000000000E+01 
3.700519611255564E+00 4.256407694807110E+01 1 3.443550000000000E+01 
-2.468247101813734E+01 5.439221367174104E+01 1 3.667490000000000E+01 
1.947591390923778E+02 9.608729436973120E+01 1 3.321890000000000E+01 
2.444942278557105E+02 1.339174831388029E+02 1 3.308010000000000E+01 
1.449697613507694E+02 4.720458050474166E+01 1 2.803100000000000E+01 
1.133274921714315E+02 7.422997984649122E+01 1 3.436700000000000E+01 
1.164501320259021E+02 1.519047509872102E+02 1 2.303440000000000E+01 
2.737214342521069E+02 -7.001670131928155E+00 1 1.865620000000000E+01 
2.197123793984351E+02 1.485386586860240E+02 1 2.897940000000000E+01 
1.087699932573937E+02 1.880915033889464E+02 1 2.038510000000000E+01 
