# input file for alanine 2D (d4-d13)

# optimization
userfn       userfn_2D.py
bounds       -50 310; -50 310
num_tasks    2
kernel       stdp
initpts      2 30
iterpts      50
verbosity    2
kappa_prior  gamma
kappa_priorparam 1 71.428
W_prior      gaussian
W_priorparam 0 8.451
thetaprior gamma
thetapriorparam 2 0.019; 3.3678 9.0204; 3.3678 9.0204

RESULTS:
2.365312514309510E+02 -1.333337701585216E+00 0 -2.030123248411620E+05 
2.936668351850553E+02 1.519666449225705E+02 0 -2.030045798557611E+05 
1.967042167303025E+02 5.228554201988430E+01 1 2.729010000000000E+01 
1.990083333793653E+02 2.275294432293205E+02 1 3.049160000000000E+01 
4.991612320796240E+01 2.028583650864297E+02 1 1.958640000000000E+01 
1.259025556676132E+02 2.212779826220321E+02 1 2.678120000000000E+01 
-2.606289250223408E+01 -5.000000000000000E+01 1 2.878420000000000E+01 
6.270647606877455E+01 -2.873198901855801E+01 1 2.691130000000000E+01 
2.904835523614846E+02 2.446531670348105E+02 1 3.054930000000000E+01 
8.053807371340690E+01 2.792987678243156E+01 1 3.106270000000000E+01 
1.322661737679711E+02 1.513604299577798E+02 1 2.323060000000000E+01 
2.577243516208963E+02 -1.317767217370972E-01 1 1.953100000000000E+01 
3.048930053049346E+02 4.819223676043860E+01 1 3.279970000000000E+01 
1.958023889422295E+02 7.238502103663806E+00 1 1.828660000000000E+01 
-4.700983355913578E+01 2.737840602718858E+02 1 3.110890000000000E+01 
2.653392512881794E+01 7.614122842158994E+01 1 3.387630000000000E+01 
2.656254850370652E+02 1.200575372730953E+02 1 3.448210000000000E+01 
5.930295207366996E+01 1.812827882622643E+02 1 1.748710000000000E+01 
-5.000000000000000E+01 9.819592872821065E-01 1 2.232130000000000E+01 
5.669052916950299E+01 2.543820053104075E+02 1 3.015080000000000E+01 
1.510069618210088E+02 4.891547347145657E+01 1 2.732280000000000E+01 
4.309478880504252E+00 2.920385825783551E+02 1 3.424500000000000E+01 
8.725640971396288E+01 2.293280512097361E+02 1 2.614420000000000E+01 
1.506890966648449E+02 1.798426930003435E+02 1 2.058880000000000E+01 
1.290336574252094E+01 -2.842518744927975E+01 1 3.362060000000000E+01 
5.780715876487962E+01 1.749200932632158E+02 1 1.759540000000000E+01 
7.186960486190242E+01 1.545061300115279E+02 1 2.017000000000000E+01 
-1.881045576906720E+01 5.723903002656179E+01 1 3.689510000000000E+01 
6.195125026123406E+01 1.790991420525126E+02 1 1.749430000000000E+01 
1.992308986043020E+02 -1.900397290290174E+01 1 2.224420000000000E+01 
6.214364589489461E+00 1.130451858236726E+02 1 3.209070000000000E+01 
2.550392101793038E+02 2.943117116790938E+02 1 3.399610000000000E+01 
